1000 1
999 1
999 -1
1001 -1
1002 2
1000 2
998 0
998 -2
1002 -2
1003 3
1001 3
997 1
997 -3
999 -3
1003 -3
1004 2
1000 4
998 4
996 0
996 -4
998 -4
1004 -4
1005 -1
1005 5
997 5
995 3
995 1
995 -3
995 -5
999 -5
1006 2
1006 6
1000 6
998 6
994 0
994 -2
996 -6
1002 -6
1006 -6
1007 -1
1007 5
1007 7
997 7
995 7
993 5
993 3
995 -7
1007 -7
1008 -4
1008 -2
1008 2
1008 8
1006 8
996 8
992 6
992 0
992 -6
992 -8
998 -8
1002 -8
1004 -8
1009 -3
1007 9
1003 9
1001 9
997 9
991 1
991 -5
997 -9
999 -9
1003 -9
1009 -9
1010 -2
1010 4
1010 10
1006 10
1000 10
992 10
990 8
990 0
990 -10
992 -10
1002 -10
1004 -10
1010 -10
1011 -7
1011 -1
1011 7
1011 11
1009 11
1005 11
993 11
989 7
989 3
989 -5
989 -9
993 -11
1005 -11
1007 -11
1012 2
1012 8
1006 12
1000 12
994 12
992 12
988 10
988 0
988 -6
988 -12
990 -12
996 -12
1002 -12
1006 -12
1008 -12
1013 -5
1013 5
1013 7
1013 11
1009 13
1003 13
1001 13
989 13
987 11
987 5
987 -3
987 -13
995 -13
1005 -13
1013 -13
1014 -8
1014 -2
1014 2
1014 10
1012 14
1008 14
1000 14
996 14
986 10
986 0
986 -12
986 -14
996 -14
998 -14
1002 -14
1004 -14
1014 -14
1015 -1
1015 3
1015 5
1015 9
1007 15
1003 15
1001 15
997 15
985 7
985 3
985 -5
985 -15
993 -15
997 -15
1003 -15
1009 -15
1016 -8
1016 -4
1016 2
1016 8
1016 16
1010 16
998 16
994 16
988 16
986 16
984 8
984 6
984 0
984 -10
984 -12
990 -16
992 -16
998 -16
1016 -16
1017 -13
1017 -11
1017 -7
1017 -1
1017 5
1017 13
1015 17
1009 17
987 17
985 17
983 9
983 1
983 -9
983 -15
987 -17
995 -17
1007 -17
1011 -17
1017 -17
1018 -12
1018 -10
1018 -4
1018 8
1018 18
1000 18
998 18
994 18
988 18
986 18
982 16
982 12
982 10
982 6
982 -6
982 -8
982 -14
1012 -18
1018 -18
1019 -13
1019 -5
1019 13
1015 19
1001 19
997 19
995 19
991 19
985 19
981 15
981 11
981 9
981 3
981 -9
981 -19
983 -19
987 -19
989 -19
993 -19
999 -19
1011 -19
1020 -16
1020 -8
1020 4
1020 10
1020 14
1020 20
1012 20
1008 20
1000 20
996 20
982 20
980 18
980 12
980 10
980 6
980 0
980 -2
980 -8
980 -18
998 -20
1004 -20
1008 -20
1010 -20
1021 -7
1021 -3
1021 -1
1021 9
1021 21
1019 21
1009 21
1001 21
995 21
989 21
983 21
979 7
979 1
979 -3
979 -5
979 -17
985 -21
997 -21
1005 -21
1021 -21
1022 -8
1022 -2
1022 2
1022 4
1022 8
1022 10
1022 20
1012 22
1006 22
1000 22
982 22
980 22
978 8
978 6
978 -16
978 -22
986 -22
992 -22
996 -22
998 -22
1002 -22
1010 -22
1016 -22
1023 -19
1023 -17
1023 -7
1023 7
1023 17
1023 23
1011 23
1009 23
1005 23
1003 23
993 23
981 23
979 23
977 9
977 7
977 1
977 -3
977 -5
977 -15
977 -23
995 -23
1019 -23
1023 -23
1024 -18
1024 -10
1024 6
1024 8
1024 12
1024 20
1012 24
1010 24
1006 24
998 24
992 24
986 24
982 24
976 18
976 16
976 -6
976 -12
976 -14
976 -20
976 -24
982 -24
996 -24
1002 -24
1006 -24
1008 -24
1014 -24
1018 -24
1024 -24
1025 -13
1025 -7
1025 -1
1025 13
1025 17
1025 23
1015 25
1007 25
1001 25
997 25
975 21
975 3
975 -7
975 -15
975 -19
975 -25
977 -25
983 -25
1005 -25
1017 -25
1019 -25
1026 -16
1026 -8
1026 -4
1026 8
1026 22
1020 26
1018 26
1014 26
1006 26
1000 26
994 26
990 26
988 26
984 26
978 26
974 22
974 18
974 16
974 10
974 0
974 -2
974 -12
974 -20
974 -24
986 -26
996 -26
1008 -26
1010 -26
1016 -26
1020 -26
1022 -26
1027 -15
1027 -1
1027 3
1027 9
1027 17
1027 23
1027 27
1009 27
1001 27
991 27
985 27
979 27
973 25
973 15
973 3
973 -11
973 -15
973 -21
973 -27
975 -27
1003 -27
1005 -27
1015 -27
1023 -27
1027 -27
1028 -14
1028 -10
1028 -2
1028 10
1028 16
1028 28
1024 28
1018 28
998 28
988 28
986 28
972 26
972 0
972 -4
972 -6
972 -18
972 -24
972 -28
984 -28
990 -28
998 -28
1002 -28
1010 -28
1029 -25
1029 -23
1029 -19
1029 -17
1029 -5
1029 23
1029 25
1027 29
1021 29
1015 29
1011 29
1005 29
1003 29
991 29
987 29
975 29
973 29
971 21
971 19
971 3
971 1
971 -15
971 -21
983 -29
999 -29
1007 -29
1011 -29
1013 -29
1017 -29
1019 -29
1030 -18
1030 -10
1030 2
1030 8
1030 18
1030 20
1030 24
1030 30
1028 30
1022 30
1012 30
1010 30
998 30
988 30
986 30
976 30
970 22
970 16
970 12
970 6
970 -2
970 -8
970 -14
970 -30
982 -30
984 -30
988 -30
1002 -30
1008 -30
1012 -30
1020 -30
1030 -30
1031 -23
1031 -17
1031 -11
1031 11
1031 17
1031 19
1031 29
1019 31
1015 31
1009 31
991 31
989 31
979 31
969 27
969 23
969 21
969 11
969 -3
969 -7
969 -15
971 -31
975 -31
981 -31
983 -31
987 -31
993 -31
995 -31
1007 -31
1011 -31
1031 -31
1032 -10
1032 2
1032 4
1032 8
1032 14
1032 20
1032 22
1032 28
1014 32
1012 32
1006 32
990 32
984 32
972 32
970 32
968 28
968 16
968 0
968 -2
968 -6
968 -12
968 -26
968 -30
968 -32
986 -32
1010 -32
1020 -32
1026 -32
1028 -32
1033 -27
1033 -25
1033 -15
1033 -13
1033 -3
1033 3
1033 5
1033 15
1033 17
1033 27
1033 33
1025 33
995 33
985 33
983 33
973 33
967 31
967 25
967 15
967 -3
967 -9
967 -21
967 -33
969 -33
987 -33
993 -33
997 -33
1003 -33
1009 -33
1027 -33
1029 -33
1034 -28
1034 -14
1034 -8
1034 -4
1034 -2
1034 2
1034 26
1034 28
1028 34
1022 34
1006 34
998 34
992 34
986 34
968 34
966 20
966 18
966 14
966 8
966 6
966 0
966 -6
966 -16
966 -22
966 -34
978 -34
996 -34
998 -34
1004 -34
1008 -34
1026 -34
1034 -34
1035 -11
1035 -7
1035 -5
1035 -1
1035 5
1035 7
1035 19
1035 23
1033 35
1003 35
993 35
987 35
975 35
965 31
965 25
965 15
965 3
965 1
965 -3
965 -9
965 -17
965 -23
965 -33
965 -35
969 -35
983 -35
989 -35
995 -35
999 -35
1005 -35
1007 -35
1017 -35
1019 -35
1035 -35
1036 -24
1036 -16
1036 2
1036 6
1036 12
1036 24
1036 26
1036 32
1034 36
1028 36
1000 36
994 36
980 36
976 36
968 36
964 30
964 22
964 10
964 -8
964 -12
964 -14
964 -18
970 -36
982 -36
988 -36
990 -36
1006 -36
1012 -36
1018 -36
1032 -36
1037 -31
1037 -17
1037 -13
1037 17
1037 23
1037 29
1037 35
1031 37
1025 37
1021 37
1019 37
1007 37
1001 37
997 37
995 37
989 37
967 37
963 35
963 33
963 29
963 11
963 9
963 5
963 -7
963 -9
963 -15
963 -19
971 -37
977 -37
983 -37
987 -37
995 -37
1005 -37
1037 -37
1038 -22
1038 -20
1038 -14
1038 -10
1038 -8
1038 -4
1038 -2
1038 8
1038 22
1038 28
1038 32
1036 38
1026 38
1020 38
1000 38
996 38
994 38
988 38
962 34
962 30
962 22
962 12
962 6
962 0
962 -8
962 -14
962 -26
962 -30
962 -36
962 -38
968 -38
972 -38
978 -38
980 -38
990 -38
992 -38
1008 -38
1014 -38
1034 -38
1038 -38
1039 -27
1039 -13
1039 15
1039 21
1037 39
1033 39
1015 39
1007 39
1001 39
997 39
991 39
977 39
971 39
965 39
961 33
961 31
961 21
961 9
961 1
961 -9
961 -11
961 -21
961 -29
963 -39
973 -39
997 -39
999 -39
1003 -39
1011 -39
1017 -39
1021 -39
1029 -39
1040 -32
1040 -22
1040 -16
1040 -10
1040 -8
1040 -2
1040 8
1040 20
1040 22
1040 32
1040 38
1036 40
1030 40
1022 40
1016 40
1006 40
1000 40
998 40
992 40
986 40
980 40
970 40
962 40
960 18
960 12
960 -10
960 -12
960 -30
960 -34
962 -40
972 -40
1002 -40
1010 -40
1028 -40
1032 -40
1034 -40
1041 -37
1041 -31
1041 -29
1041 -23
1041 -19
1041 -1
1041 7
1041 19
1041 37
1029 41
1023 41
1021 41
1009 41
1003 41
993 41
991 41
981 41
979 41
973 41
963 41
959 31
959 27
959 3
959 1
959 -15
959 -17
959 -27
959 -29
959 -39
977 -41
981 -41
983 -41
987 -41
995 -41
1011 -41
1017 -41
1023 -41
1025 -41
1037 -41
1042 -30
1042 -22
1042 -18
1042 -12
1042 18
1042 20
1042 30
1042 32
1042 38
1042 42
1036 42
1030 42
1022 42
1016 42
1012 42
1000 42
994 42
986 42
974 42
970 42
958 40
958 28
958 18
958 -6
958 -12
958 -24
958 -30
958 -32
970 -42
978 -42
996 -42
1006 -42
1012 -42
1026 -42
1030 -42
1032 -42
1038 -42
1043 -37
1043 -29
1043 -23
1043 -19
1043 -13
1043 17
1043 31
1043 41
1043 43
1031 43
1021 43
1019 43
1003 43
1001 43
983 43
959 43
957 27
957 21
957 5
957 -13
957 -19
957 -21
957 -39
957 -43
963 -43
965 -43
975 -43
983 -43
993 -43
999 -43
1005 -43
1013 -43
1017 -43
1023 -43
1025 -43
1035 -43
1037 -43
1044 -38
1044 -34
1044 -28
1044 -22
1044 -20
1044 -8
1044 -4
1044 10
1044 28
1044 32
1044 38
1030 44
1026 44
1018 44
1012 44
1008 44
1000 44
996 44
982 44
976 44
972 44
958 44
956 34
956 30
956 28
956 -2
956 -6
956 -30
956 -36
956 -42
966 -44
978 -44
992 -44
998 -44
1002 -44
1004 -44
1008 -44
1026 -44
1032 -44
1044 -44
1045 -37
1045 -31
1045 -27
1045 -15
1045 -13
1045 -1
1045 29
1045 45
1043 45
1037 45
1015 45
1001 45
995 45
985 45
973 45
967 45
965 45
961 45
955 43
955 33
955 27
955 21
955 -3
955 -17
955 -23
955 -27
955 -35
957 -45
975 -45
985 -45
987 -45
997 -45
999 -45
1003 -45
1009 -45
1029 -45
1035 -45
1039 -45
1046 -38
1046 -34
1046 -32
1046 -28
1046 -14
1046 -8
1046 4
1046 28
1046 38
1046 44
1040 46
1030 46
1028 46
998 46
994 46
988 46
986 46
974 46
970 46
956 46
954 42
954 8
954 -4
954 -12
954 -18
954 -28
954 -30
954 -34
962 -46
972 -46
980 -46
996 -46
998 -46
1008 -46
1022 -46
1026 -46
1028 -46
1040 -46
1046 -46
1047 -31
1047 -25
1047 -17
1047 -13
1047 -5
1047 -1
1047 5
1047 13
1047 19
1047 25
1047 37
1047 43
1047 47
1041 47
1035 47
1027 47
1009 47
1005 47
985 47
981 47
969 47
967 47
957 47
953 45
953 43
953 33
953 21
953 19
953 15
953 -5
953 -11
953 -41
953 -47
957 -47
965 -47
975 -47
987 -47
993 -47
995 -47
1023 -47
1025 -47
1031 -47
1035 -47
1037 -47
1048 -42
1048 -30
1048 -28
1048 -22
1048 -12
1048 -4
1048 20
1048 32
1048 38
1040 48
1034 48
1030 48
1016 48
1010 48
1006 48
994 48
986 48
980 48
968 48
964 48
958 48
952 42
952 36
952 24
952 22
952 6
952 -14
952 -18
952 -20
952 -30
952 -48
960 -48
964 -48
978 -48
982 -48
984 -48
990 -48
1012 -48
1018 -48
1032 -48
1038 -48
1044 -48
1049 -43
1049 -37
1049 -35
1049 -25
1049 -23
1049 -19
1049 -17
1049 5
1049 7
1049 11
1049 17
1049 23
1049 35
1049 41
1043 49
1033 49
1021 49
1015 49
1007 49
1003 49
967 49
953 49
951 39
951 33
951 29
951 23
951 21
951 9
951 3
951 -9
951 -25
951 -27
951 -37
951 -45
969 -49
971 -49
983 -49
989 -49
993 -49
999 -49
1017 -49
1019 -49
1031 -49
1037 -49
1041 -49
1050 -46
1050 -38
1050 -32
1050 -20
1050 -16
1050 -10
1050 2
1050 8
1050 10
1050 22
1050 34
1050 38
1048 50
1042 50
1026 50
1020 50
1018 50
1008 50
1000 50
982 50
976 50
950 42
950 40
950 12
950 10
950 -12
950 -18
950 -20
950 -30
950 -42
950 -44
950 -50
954 -50
962 -50
984 -50
990 -50
992 -50
1002 -50
1010 -50
1014 -50
1020 -50
1028 -50
1032 -50
1044 -50
1051 -39
1051 -27
1051 -7
1051 -3
1051 3
1051 9
1051 17
1051 21
1051 23
1051 39
1051 51
1049 51
1039 51
1031 51
1021 51
1019 51
1015 51
1009 51
995 51
983 51
961 51
953 51
949 27
949 25
949 21
949 1
949 -3
949 -5
949 -9
949 -23
949 -33
949 -45
949 -47
957 -51
973 -51
975 -51
1003 -51
1011 -51
1033 -51
1041 -51
1045 -51
1051 -51
1052 -46
1052 -32
1052 -28
1052 -20
1052 -8
1052 -2
1052 4
1052 8
1052 28
1052 32
1052 50
1052 52
1040 52
1034 52
1030 52
1024 52
1010 52
992 52
982 52
974 52
964 52
948 36
948 30
948 20
948 14
948 8
948 6
948 0
948 -16
948 -22
948 -24
948 -36
948 -42
966 -52
968 -52
978 -52
986 -52
1002 -52
1008 -52
1016 -52
1022 -52
1032 -52
1053 -49
1053 -29
1053 -19
1053 -17
1053 -7
1053 -5
1053 7
1053 11
1053 17
1053 37
1053 41
1053 43
1051 53
1033 53
1023 53
1021 53
1011 53
1009 53
1005 53
985 53
969 53
947 49
947 45
947 37
947 31
947 27
947 15
947 9
947 1
947 -11
947 -23
947 -29
947 -33
947 -41
957 -53
959 -53
975 -53
989 -53
999 -53
1005 -53
1017 -53
1029 -53
1043 -53
1049 -53
1053 -53
1054 -34
1054 -30
1054 -18
1054 -12
1054 -10
1054 -4
1054 2
1054 18
1054 26
1054 48
1054 50
1030 54
1022 54
1016 54
1012 54
992 54
988 54
976 54
952 54
946 40
946 36
946 28
946 18
946 16
946 0
946 -2
946 -14
946 -26
952 -54
954 -54
958 -54
964 -54
976 -54
982 -54
988 -54
996 -54
1002 -54
1006 -54
1008 -54
1014 -54
1038 -54
1042 -54
1055 -47
1055 -37
1055 -31
1055 -25
1055 -11
1055 -7
1055 -1
1055 5
1055 7
1055 19
1055 25
1055 35
1055 37
1055 47
1055 53
1037 55
1033 55
1007 55
1003 55
1001 55
995 55
973 55
971 55
947 55
945 53
945 47
945 45
945 41
945 35
945 11
945 5
945 -3
945 -7
945 -9
945 -43
945 -49
947 -55
963 -55
975 -55
977 -55
987 -55
989 -55
999 -55
1005 -55
1013 -55
1017 -55
1025 -55
1037 -55
1056 -52
1056 -46
1056 -32
1056 -28
1056 -2
1056 2
1056 4
1056 16
1056 26
1056 34
1056 38
1056 46
1054 56
1050 56
1036 56
1030 56
1014 56
1008 56
1000 56
996 56
990 56
984 56
976 56
970 56
960 56
948 56
946 56
944 52
944 46
944 30
944 22
944 16
944 10
944 -2
944 -12
944 -14
944 -20
944 -38
944 -42
944 -48
944 -54
948 -56
960 -56
978 -56
986 -56
992 -56
1002 -56
1010 -56
1028 -56
1032 -56
1046 -56
1052 -56
1057 -43
1057 -33
1057 -25
1057 -15
1057 -3
1057 -1
1057 5
1057 17
1057 29
1049 57
1045 57
1039 57
1031 57
1027 57
1021 57
1019 57
1015 57
997 57
985 57
979 57
971 57
965 57
959 57
955 57
943 51
943 49
943 45
943 43
943 19
943 15
943 9
943 3
943 -11
943 -41
943 -47
943 -51
943 -57
955 -57
961 -57
981 -57
985 -57
993 -57
997 -57
1005 -57
1011 -57
1017 -57
1021 -57
1051 -57
1053 -57
1058 -52
1058 -40
1058 -32
1058 -22
1058 -14
1058 10
1058 16
1058 28
1058 32
1058 46
1058 50
1058 56
1058 58
1030 58
1016 58
1000 58
998 58
986 58
980 58
976 58
956 58
946 58
942 56
942 50
942 44
942 36
942 26
942 14
942 0
942 -10
942 -24
942 -40
942 -54
948 -58
962 -58
968 -58
984 -58
990 -58
998 -58
1004 -58
1020 -58
1040 -58
1050 -58
1052 -58
1058 -58
1059 -55
1059 -53
1059 -49
1059 -37
1059 -35
1059 -25
1059 -23
1059 -17
1059 5
1059 11
1059 13
1059 17
1059 35
1059 43
1059 53
1057 59
1035 59
1033 59
1023 59
1005 59
991 59
987 59
985 59
981 59
963 59
961 59
957 59
951 59
943 59
941 51
941 49
941 19
941 15
941 -15
941 -17
941 -27
941 -29
941 -47
941 -51
951 -59
957 -59
971 -59
981 -59
983 -59
987 -59
1007 -59
1043 -59
1049 -59
1053 -59
1059 -59
1060 -46
1060 -42
1060 -22
1060 -12
1060 2
1060 24
1060 30
1060 32
1058 60
1046 60
1036 60
1018 60
1016 60
1012 60
998 60
992 60
970 60
952 60
950 60
940 58
940 52
940 48
940 40
940 36
940 28
940 22
940 12
940 10
940 -2
940 -20
940 -30
940 -44
940 -60
954 -60
958 -60
964 -60
970 -60
972 -60
978 -60
982 -60
984 -60
1012 -60
1014 -60
1042 -60
1048 -60
1050 -60
1054 -60
1060 -60
1061 -47
1061 -43
1061 -31
1061 -17
1061 -1
1061 13
1061 17
1061 23
1061 31
1061 37
1061 41
1061 47
1061 53
1061 59
1055 61
1051 61
1043 61
1039 61
1025 61
1009 61
1001 61
995 61
991 61
979 61
971 61
955 61
953 61
943 61
939 57
939 53
939 47
939 21
939 15
939 5
939 -3
939 -7
939 -13
939 -25
939 -39
947 -61
951 -61
965 -61
987 -61
995 -61
1007 -61
1011 -61
1017 -61
1025 -61
1035 -61
1041 -61
1055 -61
1062 -58
1062 -52
1062 -50
1062 -40
1062 -28
1062 -16
1062 -2
1062 4
1062 10
1062 28
1062 38
1062 44
1062 52
1054 62
1050 62
1044 62
1042 62
1036 62
1026 62
1024 62
1014 62
1006 62
1000 62
994 62
984 62
982 62
964 62
954 62
952 62
940 62
938 60
938 54
938 46
938 36
938 24
938 10
938 -2
938 -6
938 -14
938 -24
938 -30
938 -36
938 -56
938 -60
950 -62
966 -62
980 -62
990 -62
998 -62
1008 -62
1020 -62
1022 -62
1040 -62
1046 -62
1058 -62
1063 -57
1063 -45
1063 -43
1063 -39
1063 -37
1063 -25
1063 -19
1063 -15
1063 -7
1063 -3
1063 41
1063 45
1063 47
1063 51
1063 53
1063 63
1051 63
1045 63
1039 63
1025 63
1021 63
1015 63
1009 63
1003 63
995 63
989 63
953 63
937 61
937 57
937 51
937 49
937 37
937 31
937 25
937 19
937 15
937 1
937 -21
937 -33
937 -35
937 -53
937 -63
943 -63
969 -63
993 -63
997 -63
999 -63
1003 -63
1005 -63
1009 -63
1023 -63
1027 -63
1033 -63
1039 -63
1047 -63
1063 -63
1064 -52
1064 -50
1064 -8
1064 -4
1064 -2
1064 2
1064 26
1064 32
1064 38
1064 40
1064 58
1064 62
1052 64
1046 64
1018 64
1000 64
986 64
980 64
970 64
958 64
956 64
950 64
938 64
936 36
936 30
936 26
936 20
936 14
936 0
936 -4
936 -6
936 -30
936 -34
936 -40
936 -46
944 -64
954 -64
972 -64
978 -64
986 -64
992 -64
998 -64
1028 -64
1032 -64
1044 -64
1056 -64
1058 -64
1065 -55
1065 -53
1065 -47
1065 -43
1065 -31
1065 -13
1065 -11
1065 -5
1065 -1
1065 25
1065 37
1065 43
1065 55
1065 59
1047 65
1023 65
1011 65
1005 65
1003 65
991 65
963 65
955 65
951 65
945 65
935 63
935 61
935 43
935 37
935 33
935 27
935 21
935 1
935 -15
935 -17
935 -23
935 -29
935 -47
935 -57
935 -63
935 -65
939 -65
947 -65
953 -65
959 -65
983 -65
999 -65
1005 -65
1013 -65
1023 -65
1029 -65
1043 -65
1065 -65
1066 -58
1066 -42
1066 -36
1066 -34
1066 -22
1066 -18
1066 -16
1066 6
1066 14
1066 32
1066 66
1064 66
1058 66
1040 66
1036 66
1030 66
1024 66
1016 66
1006 66
998 66
980 66
974 66
970 66
968 66
964 66
956 66
940 66
938 66
934 58
934 46
934 40
934 22
934 18
934 12
934 6
934 0
934 -2
934 -8
934 -20
934 -30
934 -50
934 -62
948 -66
952 -66
958 -66
960 -66
976 -66
978 -66
988 -66
1002 -66
1006 -66
1036 -66
1038 -66
1048 -66
1060 -66
1062 -66
1067 -47
1067 -41
1067 -25
1067 -17
1067 -7
1067 -5
1067 7
1067 29
1067 35
1067 37
1067 53
1061 67
1051 67
1049 67
1037 67
1025 67
1007 67
997 67
985 67
979 67
977 67
967 67
965 67
959 67
949 67
933 65
933 63
933 51
933 45
933 41
933 35
933 33
933 9
933 -19
933 -21
933 -25
933 -27
933 -37
933 -39
933 -55
933 -67
941 -67
963 -67
965 -67
971 -67
975 -67
977 -67
987 -67
993 -67
1013 -67
1025 -67
1035 -67
1043 -67
1055 -67
1061 -67
1067 -67
1068 -62
1068 -58
1068 -40
1068 -38
1068 -34
1068 -22
1068 -4
1068 -2
1068 10
1068 16
1068 20
1068 22
1068 38
1068 50
1068 62
1060 68
1056 68
1048 68
1030 68
1026 68
1014 68
1000 68
994 68
988 68
984 68
976 68
970 68
966 68
946 68
934 68
932 60
932 46
932 42
932 40
932 24
932 22
932 10
932 -20
932 -24
932 -30
932 -54
938 -68
962 -68
972 -68
980 -68
992 -68
1002 -68
1014 -68
1020 -68
1032 -68
1044 -68
1050 -68
1058 -68
1069 -63
1069 -49
1069 -43
1069 -39
1069 -33
1069 3
1069 23
1069 33
1069 63
1063 69
1061 69
1057 69
1055 69
1027 69
1015 69
1001 69
995 69
973 69
965 69
961 69
943 69
937 69
931 61
931 43
931 39
931 33
931 31
931 25
931 -9
931 -27
931 -29
931 -45
931 -51
931 -69
933 -69
957 -69
961 -69
963 -69
969 -69
981 -69
987 -69
999 -69
1009 -69
1017 -69
1023 -69
1039 -69
1051 -69
1059 -69
1069 -69
1070 -56
1070 -16
1070 -10
1070 -8
1070 -2
1070 2
1070 14
1070 28
1070 32
1070 34
1070 38
1070 40
1070 44
1070 52
1070 58
1070 68
1066 70
1060 70
1058 70
1052 70
1046 70
1040 70
1028 70
1022 70
998 70
988 70
986 70
976 70
970 70
958 70
952 70
946 70
932 70
930 66
930 60
930 8
930 -12
930 -18
930 -28
930 -30
930 -40
930 -48
930 -58
930 -70
942 -70
944 -70
950 -70
954 -70
968 -70
984 -70
992 -70
1004 -70
1010 -70
1032 -70
1034 -70
1044 -70
1052 -70
1058 -70
1071 -61
1071 -59
1071 -37
1071 -31
1071 -23
1071 -13
1071 -1
1071 11
1071 13
1071 23
1071 29
1071 41
1071 43
1071 47
1071 61
1071 71
1069 71
1063 71
1045 71
1041 71
1029 71
1021 71
1003 71
991 71
985 71
979 71
975 71
969 71
963 71
949 71
945 71
943 71
931 71
929 61
929 57
929 51
929 33
929 15
929 3
929 1
929 -15
929 -27
929 -35
929 -53
929 -63
947 -71
951 -71
957 -71
965 -71
971 -71
977 -71
981 -71
983 -71
993 -71
1013 -71
1017 -71
1023 -71
1031 -71
1035 -71
1055 -71
1065 -71
1067 -71
1072 -42
1072 -40
1072 -36
1072 -12
1072 -10
1072 2
1072 14
1072 24
1072 30
1072 32
1072 44
1070 72
1064 72
1052 72
1036 72
1024 72
1022 72
1000 72
982 72
970 72
956 72
946 72
944 72
932 72
928 64
928 60
928 58
928 54
928 48
928 36
928 34
928 18
928 0
928 -2
928 -42
928 -50
928 -66
928 -72
936 -72
946 -72
948 -72
952 -72
970 -72
978 -72
988 -72
996 -72
1008 -72
1012 -72
1030 -72
1032 -72
1050 -72
1060 -72
1062 -72
1066 -72
1068 -72
1072 -72
1073 -65
1073 -37
1073 -35
1073 -29
1073 -7
1073 5
1073 11
1073 25
1073 43
1073 47
1073 53
1073 61
1073 67
1073 73
1063 73
1055 73
1051 73
1049 73
1031 73
1021 73
1015 73
995 73
973 73
965 73
959 73
929 73
927 71
927 69
927 65
927 47
927 41
927 11
927 9
927 5
927 -3
927 -9
927 -13
927 -19
927 -31
927 -45
933 -73
947 -73
953 -73
957 -73
959 -73
965 -73
969 -73
983 -73
987 -73
989 -73
995 -73
1023 -73
1025 -73
1029 -73
1035 -73
1043 -73
1053 -73
1055 -73
1065 -73
1067 -73
1074 -70
1074 -68
1074 -64
1074 -34
1074 -32
1074 -20
1074 -8
1074 2
1074 20
1074 32
1074 46
1074 56
1074 58
1074 70
1072 74
1062 74
1056 74
1042 74
1030 74
1026 74
1012 74
1008 74
990 74
988 74
978 74
970 74
966 74
958 74
948 74
936 74
926 66
926 48
926 40
926 34
926 16
926 0
926 -14
926 -20
926 -26
926 -36
926 -50
926 -54
926 -60
926 -62
926 -74
938 -74
942 -74
948 -74
954 -74
966 -74
968 -74
984 -74
986 -74
998 -74
1004 -74
1008 -74
1022 -74
1028 -74
1032 -74
1034 -74
1046 -74
1064 -74
1068 -74
1075 -45
1075 -27
1075 -15
1075 -3
1075 -1
1075 3
1075 5
1075 9
1075 17
1075 29
1075 33
1075 69
1075 75
1057 75
1055 75
1043 75
1033 75
1027 75
1015 75
991 75
983 75
977 75
971 75
955 75
943 75
941 75
925 73
925 63
925 43
925 33
925 31
925 25
925 7
925 3
925 1
925 -39
925 -45
925 -47
925 -63
925 -65
925 -69
927 -75
945 -75
955 -75
967 -75
973 -75
975 -75
985 -75
993 -75
997 -75
1003 -75
1015 -75
1017 -75
1027 -75
1045 -75
1053 -75
1059 -75
1063 -75
1076 -68
1076 -64
1076 -58
1076 -22
1076 -16
1076 -14
1076 -4
1076 2
1076 26
1076 32
1076 46
1076 62
1076 68
1066 76
1064 76
1054 76
1034 76
1024 76
1016 76
1010 76
1006 76
1000 76
998 76
988 76
986 76
974 76
970 76
968 76
964 76
956 76
946 76
940 76
928 76
924 62
924 48
924 36
924 20
924 12
924 6
924 -10
924 -18
924 -22
924 -24
924 -30
924 -48
924 -72
938 -76
948 -76
960 -76
962 -76
966 -76
980 -76
990 -76
996 -76
1002 -76
1008 -76
1026 -76
1038 -76
1040 -76
1068 -76
1077 -67
1077 -53
1077 -37
1077 -25
1077 -11
1077 13
1077 25
1077 47
1077 53
1077 55
1077 65
1077 73
1077 77
1075 77
1071 77
1057 77
1045 77
1039 77
1035 77
1029 77
1015 77
1011 77
1009 77
1005 77
975 77
969 77
967 77
961 77
951 77
949 77
923 73
923 51
923 49
923 45
923 39
923 31
923 25
923 19
923 3
923 -9
923 -21
923 -27
923 -35
923 -39
923 -41
923 -65
923 -77
927 -77
933 -77
941 -77
947 -77
953 -77
963 -77
965 -77
971 -77
983 -77
1011 -77
1025 -77
1031 -77
1035 -77
1047 -77
1055 -77
1061 -77
1073 -77
1077 -77
1078 -72
1078 -58
1078 -52
1078 -40
1078 -30
1078 -24
1078 -18
1078 -10
1078 -4
1078 2
1078 6
1078 8
1078 12
1078 20
1078 32
1078 36
1078 50
1078 68
1078 78
1076 78
1060 78
1054 78
1034 78
1028 78
1018 78
1010 78
1006 78
976 78
940 78
928 78
922 76
922 54
922 42
922 40
922 34
922 22
922 6
922 0
922 -6
922 -8
922 -26
922 -30
922 -56
922 -60
922 -68
930 -78
940 -78
948 -78
958 -78
964 -78
978 -78
982 -78
1002 -78
1024 -78
1042 -78
1054 -78
1062 -78
1079 -67
1079 -55
1079 -49
1079 -43
1079 -35
1079 -29
1079 -17
1079 7
1079 23
1079 37
1079 41
1079 55
1079 67
1079 73
1075 79
1063 79
1043 79
1037 79
1033 79
1025 79
1007 79
995 79
977 79
967 79
965 79
961 79
941 79
931 79
921 75
921 71
921 65
921 63
921 53
921 29
921 11
921 9
921 5
921 -15
921 -31
921 -45
921 -55
921 -69
921 -75
921 -79
927 -79
947 -79
953 -79
963 -79
969 -79
971 -79
983 -79
989 -79
1019 -79
1029 -79
1037 -79
1043 -79
1047 -79
1053 -79
1061 -79
1080 -58
1080 -56
1080 -52
1080 -50
1080 -38
1080 -20
1080 -16
1080 -10
1080 -2
1080 8
1080 14
1080 32
1080 50
1080 52
1080 64
1080 80
1072 80
1066 80
1062 80
1056 80
1050 80
1048 80
996 80
982 80
978 80
958 80
942 80
940 80
936 80
930 80
920 78
920 76
920 70
920 58
920 46
920 40
920 36
920 22
920 12
920 6
920 0
920 -14
920 -24
920 -38
920 -54
920 -62
920 -68
920 -80
924 -80
932 -80
954 -80
960 -80
962 -80
980 -80
1002 -80
1008 -80
1010 -80
1028 -80
1034 -80
1050 -80
1064 -80
1074 -80
1080 -80
1081 -69
1081 -67
1081 -61
1081 -57
1081 -49
1081 -31
1081 -19
1081 -3
1081 -1
1081 3
1081 17
1081 21
1081 29
1081 41
1081 53
1079 81
1063 81
1055 81
1051 81
1049 81
1043 81
1021 81
1009 81
1001 81
991 81
985 81
979 81
973 81
959 81
953 81
935 81
925 81
919 75
919 73
919 63
919 61
919 57
919 31
919 27
919 15
919 7
919 3
919 -15
919 -23
919 -33
919 -47
919 -63
919 -69
919 -75
921 -81
931 -81
937 -81
945 -81
951 -81
963 -81
973 -81
993 -81
1003 -81
1011 -81
1015 -81
1027 -81
1053 -81
1071 -81
1075 -81
1082 -76
1082 -58
1082 -52
1082 -22
1082 -16
1082 -8
1082 -2
1082 20
1082 32
1082 34
1082 38
1082 44
1082 50
1082 52
1082 62
1082 64
1082 68
1082 74
1082 80
1082 82
1076 82
1054 82
1036 82
1030 82
1012 82
1000 82
992 82
980 82
974 82
964 82
952 82
950 82
934 82
932 82
922 82
920 82
918 74
918 56
918 50
918 30
918 26
918 24
918 18
918 -4
918 -10
918 -16
918 -34
918 -40
918 -54
918 -66
918 -82
920 -82
926 -82
932 -82
936 -82
950 -82
962 -82
966 -82
968 -82
986 -82
1002 -82
1038 -82
1050 -82
1056 -82
1070 -82
1083 -67
1083 -65
1083 -53
1083 -47
1083 -35
1083 -29
1083 -25
1083 -23
1083 -7
1083 23
1083 31
1083 55
1083 61
1075 83
1065 83
1063 83
1045 83
1041 83
1035 83
1023 83
1015 83
993 83
991 83
985 83
963 83
945 83
943 83
933 83
931 83
921 83
917 57
917 55
917 27
917 21
917 7
917 -9
917 -15
917 -35
917 -51
917 -53
917 -59
917 -63
929 -83
933 -83
935 -83
939 -83
945 -83
947 -83
959 -83
963 -83
969 -83
975 -83
987 -83
989 -83
995 -83
999 -83
1005 -83
1013 -83
1019 -83
1023 -83
1043 -83
1047 -83
1079 -83
1084 -78
1084 -70
1084 -54
1084 -52
1084 -30
1084 -28
1084 -24
1084 -18
1084 -10
1084 -4
1084 12
1084 26
1084 30
1084 48
1084 56
1084 60
1084 80
1082 84
1070 84
1058 84
1052 84
1042 84
1040 84
1030 84
1028 84
1016 84
988 84
976 84
958 84
956 84
938 84
928 84
920 84
916 78
916 30
916 28
916 24
916 18
916 10
916 0
916 -2
916 -12
916 -42
916 -44
916 -80
918 -84
928 -84
934 -84
936 -84
954 -84
958 -84
964 -84
972 -84
988 -84
1002 -84
1018 -84
1024 -84
1038 -84
1042 -84
1062 -84
1066 -84
1072 -84
1074 -84
1084 -84
1085 -73
1085 -71
1085 -65
1085 -53
1085 -47
1085 -41
1085 -37
1085 -25
1085 -23
1085 -17
1085 -13
1085 -1
1085 5
1085 13
1085 17
1085 19
1085 25
1085 43
1085 53
1085 59
1085 67
1085 79
1085 85
1063 85
1061 85
1055 85
1043 85
1025 85
1021 85
1007 85
1001 85
997 85
977 85
971 85
955 85
947 85
943 85
935 85
915 83
915 75
915 63
915 57
915 51
915 35
915 23
915 5
915 -25
915 -33
915 -37
915 -39
915 -43
915 -49
915 -75
915 -79
923 -85
947 -85
969 -85
975 -85
977 -85
983 -85
993 -85
999 -85
1013 -85
1019 -85
1025 -85
1037 -85
1047 -85
1053 -85
1055 -85
1067 -85
1077 -85
1086 -82
1086 -74
1086 -56
1086 -38
1086 -28
1086 -22
1086 -14
1086 2
1086 8
1086 14
1086 22
1086 38
1086 58
1086 62
1086 64
1086 74
1086 76
1086 86
1074 86
1068 86
1060 86
1054 86
1044 86
1024 86
1014 86
996 86
970 86
966 86
960 86
930 86
928 86
924 86
916 86
914 82
914 70
914 58
914 40
914 36
914 28
914 6
914 0
914 -2
914 -14
914 -48
914 -54
914 -72
914 -84
918 -86
920 -86
948 -86
962 -86
978 -86
992 -86
996 -86
1010 -86
1022 -86
1026 -86
1032 -86
1038 -86
1040 -86
1076 -86
1080 -86
1086 -86
1087 -67
1087 -55
1087 -31
1087 -25
1087 -3
1087 -1
1087 15
1087 33
1087 45
1087 57
1087 75
1087 77
1087 83
1085 87
1079 87
1075 87
1069 87
1055 87
1051 87
1049 87
1027 87
1019 87
1007 87
1001 87
991 87
985 87
977 87
965 87
947 87
935 87
929 87
919 87
917 87
913 69
913 55
913 49
913 43
913 39
913 21
913 15
913 -5
913 -27
913 -29
913 -41
913 -65
913 -69
913 -87
931 -87
933 -87
955 -87
957 -87
961 -87
973 -87
981 -87
993 -87
1003 -87
1017 -87
1021 -87
1023 -87
1041 -87
1057 -87
1088 -80
1088 -74
1088 -68
1088 -62
1088 -50
1088 -40
1088 -34
1088 -22
1088 -14
1088 -8
1088 -4
1088 2
1088 16
1088 46
1088 52
1088 62
1088 70
1084 88
1078 88
1070 88
1058 88
1048 88
1046 88
1036 88
1034 88
1028 88
1018 88
1016 88
1006 88
994 88
976 88
956 88
950 88
946 88
938 88
916 88
912 86
912 80
912 50
912 44
912 30
912 24
912 12
912 0
912 -6
912 -16
912 -18
912 -28
912 -58
912 -60
912 -76
912 -84
912 -88
914 -88
920 -88
938 -88
942 -88
944 -88
950 -88
954 -88
980 -88
984 -88
992 -88
998 -88
1008 -88
1010 -88
1014 -88
1020 -88
1028 -88
1032 -88
1038 -88
1068 -88
1080 -88
1082 -88
1088 -88
1089 -83
1089 -79
1089 -59
1089 -37
1089 -29
1089 -25
1089 -23
1089 -19
1089 53
1089 61
1089 65
1089 73
1083 89
1081 89
1077 89
1063 89
1053 89
1051 89
1047 89
1027 89
1021 89
1011 89
993 89
987 89
967 89
951 89
945 89
937 89
931 89
927 89
911 85
911 73
911 51
911 49
911 45
911 43
911 31
911 21
911 3
911 1
911 -21
911 -27
911 -45
911 -75
911 -77
911 -87
923 -89
933 -89
941 -89
957 -89
1007 -89
1013 -89
1023 -89
1031 -89
1041 -89
1053 -89
1059 -89
1077 -89
1079 -89
1090 -78
1090 -72
1090 -70
1090 -66
1090 -60
1090 -52
1090 -46
1090 -40
1090 -30
1090 -12
1090 -10
1090 12
1090 14
1090 30
1090 44
1090 54
1090 60
1090 62
1090 74
1090 84
1076 90
1072 90
1058 90
1052 90
1048 90
1012 90
1010 90
1006 90
1000 90
988 90
986 90
982 90
968 90
956 90
950 90
946 90
940 90
938 90
932 90
928 90
910 88
910 78
910 76
910 66
910 60
910 48
910 46
910 22
910 10
910 -2
910 -8
910 -14
910 -18
910 -42
910 -44
910 -48
910 -72
910 -74
910 -80
910 -84
910 -90
918 -90
934 -90
940 -90
942 -90
952 -90
964 -90
978 -90
984 -90
1018 -90
1024 -90
1038 -90
1044 -90
1048 -90
1050 -90
1080 -90
1091 -79
1091 -71
1091 -67
1091 -61
1091 -53
1091 -49
1091 -47
1091 -19
1091 -17
1091 -11
1091 -7
1091 19
1091 37
1091 59
1091 61
1091 67
1091 83
1091 89
1091 91
1075 91
1063 91
1061 91
1049 91
1045 91
1039 91
1033 91
1019 91
1009 91
1003 91
995 91
983 91
979 91
961 91
959 91
949 91
941 91
925 91
919 91
913 91
909 65
909 63
909 53
909 35
909 33
909 23
909 15
909 11
909 3
909 -9
909 -33
909 -73
909 -75
909 -87
915 -91
921 -91
933 -91
935 -91
947 -91
951 -91
953 -91
957 -91
963 -91
981 -91
995 -91
1007 -91
1013 -91
1017 -91
1031 -91
1061 -91
1065 -91
1073 -91
1083 -91
1091 -91
1092 -86
1092 -76
1092 -58
1092 -50
1092 -46
1092 -32
1092 -16
1092 -10
1092 -2
1092 2
1092 8
1092 10
1092 20
1092 22
1092 34
1092 38
1092 40
1092 44
1092 50
1092 58
1092 62
1092 68
1084 92
1060 92
1050 92
1042 92
1024 92
1014 92
1012 92
1006 92
996 92
994 92
990 92
972 92
966 92
954 92
952 92
936 92
934 92
912 92
908 90
908 84
908 76
908 58
908 54
908 36
908 24
908 16
908 10
908 6
908 -14
908 -20
908 -50
908 -72
908 -84
908 -86
908 -92
926 -92
930 -92
992 -92
996 -92
998 -92
1010 -92
1016 -92
1026 -92
1028 -92
1040 -92
1052 -92
1080 -92
1082 -92
1086 -92
1093 -85
1093 -63
1093 -57
1093 -55
1093 -49
1093 -43
1093 -33
1093 -19
1093 -15
1093 -13
1093 -3
1093 3
1093 11
1093 21
1093 35
1093 45
1093 51
1093 53
1093 65
1093 87
1081 93
1073 93
1063 93
1045 93
1033 93
1031 93
1019 93
1015 93
1003 93
1001 93
991 93
989 93
983 93
965 93
959 93
953 93
919 93
913 93
911 93
907 85
907 81
907 75
907 57
907 39
907 37
907 21
907 15
907 9
907 1
907 -5
907 -15
907 -33
907 -41
907 -51
907 -59
907 -69
907 -71
907 -75
907 -93
933 -93
945 -93
967 -93
969 -93
973 -93
975 -93
997 -93
1003 -93
1009 -93
1023 -93
1039 -93
1045 -93
1065 -93
1075 -93
1087 -93
1089 -93
1094 -80
1094 -38
1094 -34
1094 -10
1094 -8
1094 -2
1094 8
1094 20
1094 22
1094 28
1094 38
1094 46
1094 50
1094 56
1094 68
1094 80
1094 88
1094 92
1090 94
1078 94
1048 94
1028 94
1022 94
998 94
992 94
982 94
970 94
968 94
958 94
938 94
932 94
926 94
922 94
910 94
906 84
906 74
906 56
906 44
906 36
906 30
906 18
906 14
906 0
906 -10
906 -12
906 -24
906 -54
906 -70
906 -72
906 -84
906 -90
906 -94
908 -94
912 -94
918 -94
944 -94
948 -94
966 -94
968 -94
972 -94
978 -94
992 -94
1046 -94
1052 -94
1095 -85
1095 -83
1095 -67
1095 -61
1095 -55
1095 -43
1095 -17
1095 -13
1095 -11
1095 -5
1095 17
1095 23
1095 25
1095 37
1095 49
1095 55
1095 65
1095 83
1095 85
1093 95
1081 95
1071 95
1053 95
1041 95
1035 95
1027 95
1021 95
1011 95
1005 95
997 95
993 95
991 95
987 95
967 95
943 95
937 95
931 95
921 95
907 95
905 87
905 85
905 63
905 57
905 43
905 33
905 7
905 3
905 -15
905 -23
905 -35
905 -47
905 -57
905 -69
905 -75
905 -83
909 -95
915 -95
923 -95
929 -95
935 -95
957 -95
959 -95
969 -95
989 -95
999 -95
1005 -95
1049 -95
1067 -95
1073 -95
1083 -95
1085 -95
1089 -95
1095 -95
1096 -82
1096 -78
1096 -52
1096 -48
1096 -46
1096 -34
1096 -24
1096 -16
1096 -12
1096 -4
1096 8
1096 12
1096 24
1096 32
1096 54
1096 62
1096 68
1096 78
1096 96
1090 96
1084 96
1076 96
1070 96
1058 96
1054 96
1046 96
1028 96
1018 96
1006 96
1000 96
988 96
986 96
980 96
976 96
974 96
958 96
946 96
934 96
920 96
910 96
904 88
904 82
904 72
904 60
904 58
904 46
904 40
904 36
904 30
904 28
904 16
904 12
904 -14
904 -20
904 -38
904 -44
904 -54
904 -60
904 -62
904 -80
904 -90
906 -96
910 -96
936 -96
946 -96
966 -96
972 -96
988 -96
1008 -96
1020 -96
1030 -96
1038 -96
1048 -96
1050 -96
1066 -96
1072 -96
1092 -96
1097 -91
1097 -71
1097 -67
1097 -37
1097 -35
1097 -31
1097 -23
1097 -7
1097 -5
1097 13
1097 17
1097 19
1097 25
1097 35
1097 53
1097 65
1097 79
1097 97
1091 97
1075 97
1055 97
1049 97
1045 97
1037 97
1031 97
1027 97
1021 97
1009 97
1001 97
991 97
989 97
977 97
971 97
967 97
965 97
959 97
949 97
947 97
931 97
919 97
905 97
903 89
903 83
903 75
903 69
903 41
903 39
903 33
903 15
903 -15
903 -49
903 -51
903 -67
903 -79
903 -81
905 -97
921 -97
927 -97
935 -97
945 -97
953 -97
963 -97
971 -97
981 -97
1025 -97
1031 -97
1037 -97
1041 -97
1061 -97
1065 -97
1067 -97
1071 -97
1085 -97
1098 -82
1098 -74
1098 -68
1098 -52
1098 -38
1098 -8
1098 -2
1098 28
1098 32
1098 46
1098 56
1098 62
1098 68
1098 76
1098 80
1098 98
1086 98
1080 98
1078 98
1056 98
1044 98
1036 98
1030 98
1018 98
1014 98
1000 98
996 98
990 98
988 98
984 98
966 98
946 98
940 98
924 98
902 82
902 66
902 64
902 60
902 54
902 52
902 12
902 -30
902 -44
902 -48
902 -54
902 -56
902 -80
902 -90
902 -96
902 -98
920 -98
930 -98
942 -98
944 -98
960 -98
962 -98
968 -98
984 -98
990 -98
998 -98
1002 -98
1004 -98
1014 -98
1020 -98
1028 -98
1038 -98
1040 -98
1058 -98
1074 -98
1082 -98
1094 -98
1099 -85
1099 -73
1099 -67
1099 -55
1099 -45
1099 -39
1099 -33
1099 -15
1099 -3
1099 11
1099 15
1099 17
1099 27
1099 47
1099 53
1099 65
1099 71
1099 87
1085 99
1081 99
1063 99
1061 99
1057 99
1025 99
1015 99
1007 99
1001 99
997 99
991 99
985 99
971 99
965 99
947 99
943 99
941 99
923 99
913 99
905 99
901 93
901 85
901 75
901 73
901 69
901 63
901 61
901 51
901 9
901 1
901 -11
901 -15
901 -21
901 -39
901 -41
901 -57
901 -65
901 -69
901 -71
901 -81
901 -95
909 -99
919 -99
939 -99
943 -99
951 -99
961 -99
999 -99
1003 -99
1009 -99
1011 -99
1021 -99
1041 -99
1051 -99
1063 -99
1069 -99
1081 -99
1100 -92
1100 -80
1100 -76
1100 -68
1100 -40
1100 -32
1100 -28
1100 -20
1100 4
1100 10
1100 20
1100 28
1100 34
1100 50
1100 62
1100 70
1100 80
1100 92
1100 100
1078 100
1072 100
1070 100
1060 100
1058 100
1052 100
1042 100
1036 100
1030 100
1022 100
1016 100
1012 100
998 100
970 100
962 100
946 100
928 100
920 100
916 100
910 100
900 90
900 86
900 68
900 62
900 60
900 36
900 12
900 6
900 0
900 -12
900 -24
900 -28
900 -30
900 -52
900 -54
900 -64
900 -70
900 -78
900 -90
900 -94
914 -100
932 -100
938 -100
942 -100
954 -100
978 -100
984 -100
990 -100
1044 -100
1052 -100
1058 -100
1062 -100
1088 -100
1101 -77
1101 -73
1101 -71
1101 -67
1101 -41
1101 -29
1101 -17
1101 -13
1101 -7
1101 -1
1101 7
1101 19
1101 29
1101 31
1101 43
1101 59
1101 77
1101 83
1101 91
1101 97
1093 101
1075 101
1065 101
1063 101
1009 101
1005 101
1003 101
993 101
963 101
951 101
943 101
939 101
931 101
915 101
901 101
899 91
899 85
899 81
899 75
899 63
899 57
899 55
899 51
899 37
899 25
899 21
899 7
899 1
899 -23
899 -29
899 -35
899 -45
899 -57
899 -69
899 -89
905 -101
911 -101
917 -101
933 -101
941 -101
945 -101
951 -101
971 -101
975 -101
1007 -101
1011 -101
1025 -101
1035 -101
1037 -101
1043 -101
1055 -101
1071 -101
1073 -101
1077 -101
1083 -101
1095 -101
1097 -101
1102 -96
1102 -88
1102 -82
1102 -78
1102 -76
1102 -66
1102 -52
1102 -46
1102 -40
1102 -28
1102 -10
1102 24
1102 32
1102 42
1102 48
1102 72
1102 78
1102 80
1102 90
1102 102
1100 102
1070 102
1060 102
1046 102
1034 102
1022 102
1006 102
1000 102
994 102
992 102
974 102
970 102
964 102
934 102
920 102
916 102
910 102
904 102
902 102
898 100
898 96
898 90
898 76
898 70
898 66
898 58
898 48
898 36
898 30
898 -2
898 -12
898 -20
898 -42
898 -44
898 -54
898 -60
898 -84
898 -92
898 -96
922 -102
928 -102
930 -102
942 -102
958 -102
966 -102
972 -102
976 -102
982 -102
990 -102
1006 -102
1020 -102
1026 -102
1032 -102
1036 -102
1038 -102
1048 -102
1060 -102
1062 -102
1078 -102
1092 -102
1096 -102
1098 -102
1102 -102
1103 -83
1103 -65
1103 -55
1103 -53
1103 -43
1103 -37
1103 -25
1103 5
1103 13
1103 31
1103 43
1103 53
1103 55
1103 61
1103 67
1103 71
1103 83
1103 95
1103 97
1103 101
1093 103
1075 103
1051 103
1049 103
1039 103
1033 103
1025 103
1009 103
1001 103
995 103
983 103
973 103
959 103
953 103
941 103
935 103
929 103
925 103
923 103
899 103
897 101
897 95
897 87
897 81
897 77
897 75
897 71
897 65
897 51
897 47
897 39
897 29
897 5
897 -19
897 -31
897 -33
897 -39
897 -51
897 -73
897 -103
899 -103
905 -103
923 -103
933 -103
939 -103
945 -103
953 -103
957 -103
959 -103
965 -103
975 -103
983 -103
993 -103
999 -103
1007 -103
1023 -103
1029 -103
1043 -103
1049 -103
1053 -103
1077 -103
1085 -103
1095 -103
1097 -103
1104 -98
1104 -92
1104 -88
1104 -52
1104 -50
1104 -28
1104 -22
1104 -14
1104 -8
1104 2
1104 10
1104 16
1104 28
1104 38
1104 52
1104 62
1104 68
1104 86
1104 98
1104 100
1096 104
1092 104
1066 104
1056 104
1042 104
1026 104
1008 104
1000 104
982 104
970 104
958 104
952 104
936 104
922 104
898 104
896 96
896 84
896 76
896 54
896 48
896 46
896 36
896 -24
896 -30
896 -32
896 -36
896 -44
896 -60
896 -74
896 -84
896 -90
906 -104
912 -104
924 -104
942 -104
966 -104
968 -104
998 -104
1002 -104
1004 -104
1016 -104
1022 -104
1032 -104
1034 -104
1038 -104
1052 -104
1058 -104
1074 -104
1076 -104
1086 -104
1094 -104
1105 -93
1105 -73
1105 -67
1105 -63
1105 -31
1105 -25
1105 -7
1105 -3
1105 -1
1105 3
1105 5
1105 9
1105 17
1105 69
1105 83
1105 105
1103 105
1081 105
1061 105
1051 105
1043 105
1033 105
1031 105
1025 105
1021 105
1007 105
1003 105
997 105
977 105
973 105
967 105
965 105
953 105
941 105
935 105
923 105
907 105
905 105
895 103
895 93
895 85
895 81
895 75
895 73
895 45
895 33
895 25
895 15
895 3
895 1
895 -3
895 -17
895 -45
895 -53
895 -59
895 -63
895 -65
895 -69
895 -75
895 -77
895 -89
937 -105
943 -105
957 -105
967 -105
969 -105
975 -105
1003 -105
1035 -105
1039 -105
1069 -105
1077 -105
1083 -105
1087 -105
1093 -105
1105 -105
1106 -94
1106 -92
1106 -88
1106 -82
1106 -76
1106 -62
1106 -46
1106 -38
1106 -8
1106 -4
1106 -2
1106 8
1106 16
1106 22
1106 26
1106 32
1106 58
1106 62
1106 74
1106 76
1106 86
1106 104
1096 106
1084 106
1066 106
1064 106
1060 106
1048 106
1040 106
1028 106
1018 106
998 106
994 106
986 106
970 106
958 106
950 106
944 106
928 106
920 106
910 106
898 106
894 96
894 90
894 86
894 78
894 66
894 62
894 42
894 36
894 -4
894 -12
894 -28
894 -34
894 -70
894 -72
894 -78
894 -82
894 -88
894 -90
900 -106
918 -106
920 -106
930 -106
936 -106
972 -106
986 -106
998 -106
1002 -106
1020 -106
1028 -106
1032 -106
1046 -106
1056 -106
1058 -106
1068 -106
1076 -106
1080 -106
1082 -106
1100 -106
1107 -97
1107 -85
1107 -71
1107 -61
1107 -47
1107 -41
1107 -35
1107 7
1107 17
1107 23
1107 29
1107 49
1107 59
1107 67
1107 79
1107 83
1107 95
1101 107
1099 107
1089 107
1075 107
1057 107
1047 107
1029 107
1021 107
1015 107
1011 107
997 107
991 107
981 107
951 107
937 107
931 107
925 107
921 107
909 107
893 85
893 81
893 79
893 75
893 69
893 61
893 49
893 39
893 33
893 15
893 9
893 -41
893 -47
893 -51
893 -57
893 -69
893 -77
893 -87
905 -107
911 -107
933 -107
935 -107
945 -107
957 -107
975 -107
977 -107
983 -107
987 -107
1017 -107
1025 -107
1031 -107
1037 -107
1055 -107
1065 -107
1067 -107
1071 -107
1083 -107
1103 -107
1108 -102
1108 -94
1108 -70
1108 -60
1108 -58
1108 -52
1108 -30
1108 -24
1108 -22
1108 -4
1108 6
1108 18
1108 20
1108 50
1108 68
1108 80
1108 108
1106 108
1100 108
1096 108
1090 108
1076 108
1070 108
1058 108
1048 108
1040 108
1036 108
1024 108
998 108
988 108
980 108
974 108
958 108
956 108
946 108
928 108
914 108
908 108
904 108
898 108
892 100
892 84
892 82
892 76
892 72
892 60
892 40
892 36
892 16
892 12
892 6
892 -6
892 -8
892 -44
892 -48
892 -54
892 -56
892 -66
892 -68
892 -90
892 -98
892 -104
898 -108
910 -108
922 -108
940 -108
954 -108
978 -108
1014 -108
1018 -108
1038 -108
1062 -108
1072 -108
1078 -108
1080 -108
1108 -108
1109 -103
1109 -85
1109 -77
1109 -73
1109 -67
1109 -59
1109 -53
1109 -49
1109 -47
1109 -35
1109 -7
1109 11
1109 25
1109 41
1109 55
1109 73
1109 83
1109 91
1109 97
1109 101
1109 107
1105 109
1097 109
1075 109
1063 109
1061 109
1051 109
1033 109
1027 109
1025 109
1007 109
997 109
995 109
983 109
973 109
955 109
923 109
917 109
913 109
907 109
901 109
893 109
891 105
891 99
891 89
891 69
891 63
891 51
891 41
891 33
891 23
891 9
891 3
891 -7
891 -21
891 -25
891 -27
891 -49
891 -67
891 -69
891 -79
891 -81
891 -85
891 -105
891 -109
893 -109
927 -109
929 -109
941 -109
947 -109
957 -109
959 -109
969 -109
987 -109
993 -109
1007 -109
1019 -109
1031 -109
1053 -109
1061 -109
1067 -109
1083 -109
1089 -109
1097 -109
1101 -109
1110 -106
1110 -100
1110 -92
1110 -88
1110 -52
1110 -46
1110 -40
1110 -20
1110 4
1110 10
1110 22
1110 40
1110 50
1110 52
1110 62
1110 88
1110 94
1110 110
1102 110
1096 110
1092 110
1068 110
1050 110
1042 110
1030 110
1018 110
1008 110
990 110
978 110
976 110
952 110
948 110
936 110
918 110
906 110
892 110
890 102
890 100
890 96
890 72
890 60
890 46
890 36
890 30
890 28
890 22
890 18
890 12
890 -14
890 -18
890 -24
890 -30
890 -32
890 -54
890 -62
890 -80
890 -84
890 -102
890 -110
894 -110
918 -110
920 -110
932 -110
944 -110
948 -110
950 -110
1002 -110
1004 -110
1022 -110
1028 -110
1032 -110
1038 -110
1050 -110
1052 -110
1058 -110
1070 -110
1080 -110
1088 -110
1092 -110
1094 -110
1111 -103
1111 -93
1111 -91
1111 -81
1111 -79
1111 -67
1111 -61
1111 -43
1111 -3
1111 3
1111 23
1111 39
1111 41
1111 53
1111 59
1111 69
1111 81
1111 83
1111 87
1111 93
1111 107
1103 111
1091 111
1069 111
1063 111
1055 111
1051 111
1049 111
1033 111
1015 111
1003 111
1001 111
995 111
979 111
973 111
971 111
965 111
961 111
949 111
919 111
911 111
895 111
893 111
889 97
889 87
889 63
889 61
889 55
889 31
889 27
889 25
889 3
889 1
889 -15
889 -17
889 -23
889 -35
889 -39
889 -57
889 -65
889 -69
889 -83
889 -87
889 -105
907 -111
913 -111
915 -111
921 -111
931 -111
933 -111
943 -111
981 -111
987 -111
997 -111
1011 -111
1017 -111
1023 -111
1047 -111
1051 -111
1053 -111
1065 -111
1081 -111
1095 -111
1111 -111
1112 -100
1112 -98
1112 -92
1112 -82
1112 -56
1112 -52
1112 -50
1112 -38
1112 -32
1112 -28
1112 -16
1112 -8
1112 4
1112 14
1112 32
1112 38
1112 52
1112 80
1112 82
1112 88
1112 98
1112 100
1112 104
1106 112
1072 112
1070 112
1064 112
1042 112
1040 112
1030 112
1016 112
1012 112
1010 112
994 112
986 112
976 112
970 112
962 112
952 112
944 112
940 112
934 112
932 112
916 112
910 112
904 112
888 110
888 80
888 66
888 60
888 56
888 26
888 24
888 14
888 0
888 -4
888 -24
888 -34
888 -42
888 -46
888 -54
888 -72
888 -76
888 -90
888 -96
888 -100
900 -112
906 -112
912 -112
930 -112
948 -112
950 -112
986 -112
992 -112
1002 -112
1016 -112
1028 -112
1032 -112
1038 -112
1040 -112
1070 -112
1076 -112
1080 -112
1082 -112
1088 -112
1113 -109
1113 -89
1113 -85
1113 -65
1113 -53
1113 -29
1113 -13
1113 5
1113 17
1113 31
1113 37
1113 41
1113 53
1113 85
1113 97
1113 103
1113 113
1105 113
1095 113
1089 113
1071 113
1069 113
1053 113
1039 113
1033 113
1011 113
1005 113
993 113
991 113
973 113
969 113
961 113
931 113
919 113
915 113
903 113
901 113
891 113
887 79
887 57
887 55
887 51
887 37
887 31
887 19
887 -5
887 -9
887 -11
887 -15
887 -29
887 -41
887 -51
887 -53
887 -69
887 -75
887 -95
887 -99
893 -113
915 -113
927 -113
929 -113
933 -113
935 -113
947 -113
969 -113
993 -113
999 -113
1005 -113
1007 -113
1013 -113
1017 -113
1023 -113
1025 -113
1035 -113
1047 -113
1059 -113
1065 -113
1067 -113
1073 -113
1089 -113
1097 -113
1103 -113
1107 -113
1114 -102
1114 -90
1114 -78
1114 -64
1114 -60
1114 -48
1114 -42
1114 -34
1114 -28
1114 -10
1114 -4
1114 6
1114 18
1114 32
1114 38
1114 42
1114 50
1114 72
1114 78
1114 80
1114 108
1102 114
1100 114
1082 114
1072 114
1066 114
1052 114
1042 114
1040 114
1030 114
1016 114
1010 114
1000 114
998 114
976 114
970 114
962 114
956 114
940 114
928 114
920 114
898 114
896 114
892 114
886 106
886 88
886 76
886 70
886 46
886 40
886 30
886 28
886 16
886 -6
886 -24
886 -30
886 -50
886 -56
886 -66
886 -80
886 -84
886 -86
886 -92
886 -104
898 -114
912 -114
924 -114
928 -114
934 -114
942 -114
964 -114
966 -114
976 -114
988 -114
996 -114
1036 -114
1038 -114
1044 -114
1054 -114
1062 -114
1066 -114
1108 -114
1115 -101
1115 -97
1115 -65
1115 -53
1115 -43
1115 -37
1115 -25
1115 -13
1115 -11
1115 -1
1115 7
1115 13
1115 17
1115 25
1115 29
1115 55
1115 73
1115 77
1115 85
1115 113
1111 115
1093 115
1087 115
1075 115
1073 115
1063 115
1057 115
1051 115
1037 115
1027 115
1015 115
1001 115
977 115
971 115
967 115
947 115
925 115
923 115
905 115
901 115
895 115
885 113
885 111
885 95
885 77
885 63
885 57
885 51
885 47
885 41
885 33
885 15
885 11
885 -3
885 -33
885 -37
885 -55
885 -63
885 -73
885 -75
885 -79
885 -87
885 -99
885 -103
885 -115
903 -115
905 -115
917 -115
927 -115
929 -115
945 -115
953 -115
957 -115
987 -115
989 -115
995 -115
1023 -115
1025 -115
1035 -115
1037 -115
1055 -115
1065 -115
1079 -115
1083 -115
1109 -115
1115 -115
1116 -98
1116 -94
1116 -74
1116 -68
1116 -64
1116 -56
1116 -38
1116 -34
1116 -22
1116 4
1116 28
1116 32
1116 52
1116 74
1116 76
1116 94
1116 116
1114 116
1110 116
1098 116
1096 116
1090 116
1084 116
1078 116
1074 116
1068 116
1054 116
1050 116
1026 116
1014 116
1008 116
990 116
988 116
976 116
948 116
934 116
930 116
924 116
916 116
894 116
888 116
884 108
884 90
884 82
884 78
884 58
884 52
884 48
884 42
884 40
884 22
884 16
884 12
884 0
884 -12
884 -20
884 -48
884 -54
884 -62
884 -72
884 -74
884 -98
884 -110
888 -116
912 -116
920 -116
930 -116
950 -116
962 -116
968 -116
980 -116
992 -116
996 -116
1010 -116
1022 -116
1046 -116
1080 -116
1098 -116
1106 -116
1116 -116
1117 -111
1117 -93
1117 -85
1117 -81
1117 -73
1117 -57
1117 -43
1117 -37
1117 -33
1117 -27
1117 -3
1117 -1
1117 5
1117 9
1117 15
1117 17
1117 33
1117 39
1117 45
1117 65
1117 89
1117 93
1117 95
1117 99
1117 113
1117 117
1099 117
1097 117
1091 117
1079 117
1075 117
1061 117
1057 117
1055 117
1037 117
1021 117
1015 117
1009 117
1007 117
991 117
971 117
965 117
959 117
929 117
925 117
917 117
911 117
887 117
883 105
883 99
883 93
883 85
883 73
883 43
883 39
883 21
883 3
883 -5
883 -9
883 -35
883 -45
883 -47
883 -69
883 -77
883 -87
883 -101
883 -107
883 -111
895 -117
903 -117
915 -117
943 -117
945 -117
951 -117
955 -117
967 -117
973 -117
997 -117
1003 -117
1011 -117
1021 -117
1041 -117
1057 -117
1065 -117
1095 -117
1101 -117
1107 -117
1111 -117
1113 -117
1118 -112
1118 -98
1118 -92
1118 -82
1118 -50
1118 -28
1118 -10
1118 -8
1118 -4
1118 -2
1118 2
1118 10
1118 32
1118 40
1118 58
1118 70
1118 98
1118 100
1118 116
1108 118
1090 118
1076 118
1066 118
1048 118
1036 118
1030 118
998 118
988 118
974 118
968 118
958 118
956 118
946 118
944 118
938 118
916 118
914 118
910 118
904 118
896 118
886 118
882 116
882 102
882 96
882 92
882 80
882 50
882 26
882 20
882 14
882 6
882 0
882 -4
882 -6
882 -10
882 -16
882 -24
882 -30
882 -36
882 -58
882 -76
882 -84
882 -88
882 -90
882 -108
882 -114
882 -118
884 -118
900 -118
918 -118
938 -118
948 -118
954 -118
960 -118
990 -118
992 -118
1004 -118
1032 -118
1038 -118
1044 -118
1050 -118
1052 -118
1064 -118
1074 -118
1082 -118
1100 -118
1118 -118
1119 -115
1119 -107
1119 -89
1119 -79
1119 -77
1119 -49
1119 -47
1119 -37
1119 -23
1119 -19
1119 -17
1119 13
1119 25
1119 47
1119 73
1119 83
1119 91
1119 97
1119 107
1119 115
1107 119
1093 119
1087 119
1081 119
1071 119
1057 119
1051 119
1047 119
1045 119
1035 119
1023 119
1021 119
1015 119
1005 119
997 119
993 119
991 119
981 119
955 119
933 119
927 119
925 119
913 119
895 119
891 119
881 103
881 99
881 91
881 81
881 75
881 61
881 51
881 49
881 31
881 25
881 15
881 -5
881 -11
881 -17
881 -21
881 -45
881 -47
881 -51
881 -59
881 -65
881 -81
881 -95
881 -111
891 -119
893 -119
897 -119
909 -119
911 -119
921 -119
923 -119
929 -119
941 -119
951 -119
957 -119
963 -119
983 -119
989 -119
993 -119
999 -119
1037 -119
1041 -119
1047 -119
1059 -119
1073 -119
1077 -119
1089 -119
1097 -119
1107 -119
1119 -119
1120 -108
1120 -100
1120 -96
1120 -90
1120 -76
1120 -66
1120 -60
1120 -48
1120 -46
1120 -36
1120 -18
1120 -16
1120 2
1120 12
1120 20
1120 30
1120 32
1120 44
1120 48
1120 62
1120 90
1120 92
1120 108
1120 110
1112 120
1106 120
1096 120
1090 120
1082 120
1066 120
1052 120
1022 120
1012 120
992 120
986 120
976 120
952 120
950 120
922 120
920 120
908 120
892 120
886 120
880 118
880 82
880 78
880 70
880 66
880 52
880 40
880 30
880 22
880 10
880 6
880 0
880 -8
880 -12
880 -18
880 -32
880 -54
880 -62
880 -68
880 -72
880 -74
880 -84
880 -90
880 -110
880 -120
888 -120
894 -120
900 -120
922 -120
940 -120
942 -120
958 -120
964 -120
984 -120
988 -120
1014 -120
1018 -120
1032 -120
1054 -120
1068 -120
1072 -120
1084 -120
1090 -120
1098 -120
1102 -120
1108 -120
1114 -120
1121 -101
1121 -91
1121 -89
1121 -71
1121 -53
1121 -49
1121 -47
1121 -31
1121 -29
1121 -11
1121 -7
1121 -1
1121 7
1121 11
1121 17
1121 29
1121 31
1121 37
1121 43
1121 71
1121 109
1121 113
1121 121
1105 121
1079 121
1075 121
1073 121
1063 121
1051 121
1049 121
1039 121
1031 121
1025 121
1015 121
1003 121
1001 121
991 121
989 121
965 121
961 121
931 121
905 121
899 121
893 121
879 117
879 111
879 105
879 83
879 81
879 71
879 53
879 27
879 23
879 5
879 -3
879 -9
879 -15
879 -27
879 -43
879 -49
879 -57
879 -73
879 -79
879 -87
879 -103
879 -105
905 -121
963 -121
971 -121
975 -121
981 -121
983 -121
987 -121
995 -121
1011 -121
1017 -121
1037 -121
1041 -121
1053 -121
1065 -121
1071 -121
1083 -121
1085 -121
1095 -121
1097 -121
1103 -121
1122 -118
1122 -116
1122 -106
1122 -100
1122 -92
1122 -86
1122 -76
1122 -62
1122 -56
1122 -50
1122 -46
1122 -28
1122 -20
1122 -10
1122 -2
1122 14
1122 28
1122 38
1122 40
1122 50
1122 52
1122 64
1122 70
1122 74
1122 94
1122 104
1122 112
1080 122
1072 122
1062 122
1056 122
1054 122
1044 122
1036 122
1026 122
1020 122
1014 122
1006 122
996 122
994 122
972 122
970 122
966 122
960 122
946 122
942 122
940 122
916 122
904 122
900 122
878 118
878 100
878 96
878 90
878 76
878 46
878 40
878 36
878 30
878 28
878 6
878 -2
878 -6
878 -12
878 -14
878 -36
878 -42
878 -50
878 -66
878 -72
878 -86
878 -90
878 -96
878 -114
878 -122
890 -122
896 -122
908 -122
932 -122
962 -122
978 -122
986 -122
1020 -122
1028 -122
1050 -122
1056 -122
1070 -122
1080 -122
1098 -122
1112 -122
1116 -122
1123 -117
1123 -109
1123 -105
1123 -69
1123 -63
1123 -57
1123 -55
1123 -45
1123 -43
1123 -39
1123 -19
1123 -13
1123 -7
1123 3
1123 15
1123 21
1123 23
1123 63
1123 71
1123 77
1123 105
1123 111
1123 113
1121 123
1103 123
1099 123
1075 123
1061 123
1055 123
1049 123
1039 123
1019 123
1009 123
995 123
979 123
965 123
949 123
943 123
935 123
899 123
895 123
883 123
877 117
877 111
877 99
877 49
877 37
877 31
877 27
877 21
877 15
877 7
877 1
877 -9
877 -11
877 -21
877 -23
877 -41
877 -51
877 -65
877 -81
877 -89
877 -95
877 -99
877 -119
877 -123
879 -123
889 -123
895 -123
909 -123
927 -123
937 -123
975 -123
985 -123
1003 -123
1005 -123
1015 -123
1017 -123
1029 -123
1033 -123
1035 -123
1039 -123
1053 -123
1059 -123
1069 -123
1077 -123
1117 -123
1123 -123
1124 -104
1124 -100
1124 -88
1124 -80
1124 -74
1124 -40
1124 -32
1124 -10
1124 -2
1124 10
1124 20
1124 22
1124 38
1124 80
1124 92
1124 100
1124 122
1118 124
1096 124
1088 124
1082 124
1048 124
1046 124
1040 124
1036 124
1022 124
1016 124
1000 124
998 124
976 124
970 124
962 124
938 124
916 124
910 124
908 124
896 124
892 124
886 124
876 120
876 116
876 108
876 84
876 80
876 74
876 68
876 66
876 44
876 24
876 18
876 14
876 0
876 -4
876 -10
876 -16
876 -24
876 -30
876 -40
876 -46
876 -54
876 -60
876 -76
876 -90
876 -96
876 -102
876 -124
882 -124
906 -124
938 -124
944 -124
962 -124
968 -124
986 -124
996 -124
1004 -124
1034 -124
1052 -124
1058 -124
1074 -124
1086 -124
1092 -124
1104 -124
1106 -124
1112 -124
1116 -124
1125 -121
1125 -113
1125 -107
1125 -85
1125 -77
1125 -71
1125 -67
1125 -53
1125 -43
1125 -25
1125 -5
1125 5
1125 7
1125 13
1125 17
1125 19
1125 47
1125 65
1125 67
1125 77
1125 83
1125 89
1125 95
1125 109
1101 125
1077 125
1075 125
1071 125
1063 125
1051 125
1047 125
1027 125
1023 125
991 125
973 125
957 125
951 125
915 125
907 125
901 125
897 125
891 125
877 125
875 123
875 117
875 91
875 85
875 75
875 61
875 43
875 33
875 27
875 21
875 7
875 -3
875 -9
875 -15
875 -29
875 -35
875 -59
875 -63
875 -77
875 -99
875 -107
875 -119
879 -125
887 -125
899 -125
917 -125
927 -125
945 -125
953 -125
977 -125
987 -125
995 -125
999 -125
1023 -125
1029 -125
1047 -125
1053 -125
1055 -125
1065 -125
1095 -125
1097 -125
1107 -125
1109 -125
1113 -125
1115 -125
1126 -96
1126 -94
1126 -66
1126 -58
1126 -52
1126 -46
1126 -28
1126 -22
1126 -12
1126 2
1126 6
1126 24
1126 54
1126 72
1126 74
1126 86
1126 116
1126 122
1100 126
1096 126
1078 126
1066 126
1064 126
1060 126
1046 126
1040 126
1030 126
1024 126
1016 126
1010 126
1000 126
988 126
986 126
980 126
968 126
958 126
956 126
938 126
934 126
914 126
910 126
904 126
890 126
884 126
878 126
874 108
874 102
874 96
874 88
874 70
874 52
874 42
874 40
874 30
874 28
874 22
874 18
874 12
874 0
874 -18
874 -20
874 -30
874 -38
874 -42
874 -60
874 -62
874 -68
874 -74
874 -80
874 -90
874 -98
874 -108
874 -114
880 -126
892 -126
900 -126
912 -126
918 -126
922 -126
928 -126
942 -126
958 -126
960 -126
972 -126
976 -126
982 -126
1020 -126
1026 -126
1032 -126
1048 -126
1068 -126
1096 -126
1116 -126
1126 -126
1127 -121
1127 -115
1127 -101
1127 -97
1127 -71
1127 -67
1127 -53
1127 -43
1127 -25
1127 -11
1127 17
1127 19
1127 23
1127 37
1127 53
1127 55
1127 83
1127 89
1127 97
1127 103
1117 127
1109 127
1105 127
1087 127
1085 127
1069 127
1061 127
1055 127
1015 127
1007 127
989 127
985 127
955 127
949 127
937 127
935 127
905 127
899 127
889 127
875 127
873 89
873 75
873 65
873 63
873 51
873 41
873 33
873 29
873 21
873 15
873 9
873 -19
873 -21
873 -25
873 -37
873 -51
873 -67
873 -75
873 -105
873 -121
885 -127
887 -127
897 -127
915 -127
921 -127
953 -127
957 -127
975 -127
981 -127
983 -127
995 -127
1005 -127
1023 -127
1025 -127
1031 -127
1041 -127
1055 -127
1073 -127
1101 -127
1107 -127
1115 -127
1128 -124
1128 -122
1128 -118
1128 -98
1128 -88
1128 -80
1128 -62
1128 -52
1128 -50
1128 -40
1128 -32
1128 -28
1128 -22
1128 -10
1128 -4
1128 16
1128 20
1128 22
1128 28
1128 32
1128 52
1128 62
1128 88
1128 106
1128 116
1128 118
1120 128
1114 128
1098 128
1084 128
1080 128
1054 128
1050 128
1036 128
1026 128
1014 128
1000 128
994 128
988 128
984 128
970 128
960 128
958 128
928 128
910 128
888 128
886 128
872 126
872 124
872 120
872 112
872 106
872 100
872 84
872 82
872 76
872 64
872 54
872 46
872 34
872 30
872 16
872 12
872 6
872 -14
872 -24
872 -36
872 -38
872 -44
872 -50
872 -54
872 -56
872 -66
872 -68
872 -98
872 -114
872 -126
890 -128
908 -128
912 -128
918 -128
920 -128
924 -128
932 -128
948 -128
962 -128
980 -128
1002 -128
1008 -128
1010 -128
1032 -128
1038 -128
1044 -128
1062 -128
1064 -128
1074 -128
1110 -128
1118 -128
1122 -128
1128 -128
1129 -109
1129 -105
1129 -93
1129 -87
1129 -73
1129 -69
1129 -67
1129 -39
1129 -15
1129 -7
1129 -3
1129 3
1129 15
1129 45
1129 63
1129 95
1129 117
1129 125
1097 129
1091 129
1087 129
1075 129
1073 129
1061 129
1057 129
1051 129
1031 129
1021 129
1003 129
985 129
977 129
971 129
967 129
943 129
935 129
925 129
911 129
905 129
901 129
893 129
881 129
871 123
871 121
871 105
871 99
871 91
871 75
871 63
871 49
871 39
871 9
871 -5
871 -9
871 -21
871 -29
871 -41
871 -47
871 -57
871 -59
871 -71
871 -99
871 -105
871 -117
871 -129
891 -129
901 -129
903 -129
913 -129
927 -129
933 -129
939 -129
969 -129
973 -129
981 -129
993 -129
997 -129
999 -129
1009 -129
1023 -129
1027 -129
1053 -129
1071 -129
1083 -129
1093 -129
1099 -129
1107 -129
1111 -129
1123 -129
1129 -129
1130 -106
1130 -88
1130 -80
1130 -70
1130 -68
1130 -56
1130 -52
1130 -40
1130 -28
1130 -22
1130 -20
1130 2
1130 4
1130 8
1130 10
1130 22
1130 38
1130 52
1130 62
1130 64
1130 80
1130 98
1130 130
1126 130
1120 130
1100 130
1078 130
1070 130
1060 130
1058 130
1048 130
1042 130
1040 130
1036 130
1022 130
1016 130
992 130
988 130
980 130
976 130
970 130
958 130
946 130
938 130
932 130
922 130
910 130
902 130
892 130
890 130
880 130
870 128
870 122
870 110
870 98
870 78
870 50
870 30
870 20
870 6
870 -4
870 -12
870 -22
870 -28
870 -30
870 -34
870 -48
870 -54
870 -60
870 -72
870 -78
870 -90
870 -100
870 -114
870 -124
878 -130
894 -130
902 -130
912 -130
938 -130
942 -130
944 -130
950 -130
954 -130
968 -130
972 -130
978 -130
990 -130
998 -130
1004 -130
1034 -130
1052 -130
1064 -130
1070 -130
1082 -130
1098 -130
1110 -130
1122 -130
1124 -130
1131 -109
1131 -103
1131 -89
1131 -79
1131 -43
1131 -41
1131 -37
1131 -31
1131 -23
1131 -11
1131 11
1131 29
1131 31
1131 61
1131 79
1131 101
1131 121
1123 131
1113 131
1075 131
1069 131
1065 131
1063 131
1039 131
1035 131
1029 131
1023 131
1021 131
1011 131
1005 131
991 131
981 131
973 131
969 131
945 131
931 131
915 131
901 131
879 131
873 131
869 115
869 105
869 91
869 87
869 75
869 63
869 61
869 45
869 37
869 31
869 25
869 7
869 3
869 -3
869 -17
869 -39
869 -45
869 -47
869 -89
869 -105
869 -107
869 -117
869 -123
869 -125
869 -129
873 -131
881 -131
891 -131
911 -131
927 -131
957 -131
965 -131
975 -131
983 -131
993 -131
995 -131
1025 -131
1031 -131
1037 -131
1073 -131
1083 -131
1091 -131
1107 -131
1113 -131
1115 -131
1127 -131
1132 -108
1132 -106
1132 -102
1132 -96
1132 -78
1132 -66
1132 -60
1132 -52
1132 -42
1132 -40
1132 -36
1132 14
1132 18
1132 38
1132 42
1132 72
1132 80
1132 84
1132 90
1132 102
1132 104
1132 128
1132 132
1124 132
1106 132
1100 132
1096 132
1090 132
1082 132
1072 132
1070 132
1066 132
1064 132
1024 132
1006 132
970 132
940 132
910 132
902 132
886 132
872 132
868 130
868 118
868 90
868 88
868 66
868 64
868 60
868 48
868 18
868 6
868 0
868 -2
868 -6
868 -20
868 -30
868 -32
868 -50
868 -72
868 -84
868 -102
868 -104
868 -114
868 -132
900 -132
906 -132
910 -132
912 -132
918 -132
928 -132
948 -132
960 -132
970 -132
976 -132
988 -132
1008 -132
1020 -132
1026 -132
1030 -132
1032 -132
1048 -132
1050 -132
1066 -132
1072 -132
1086 -132
1090 -132
1092 -132
1108 -132
1110 -132
1116 -132
1132 -132
1133 -127
1133 -119
1133 -115
1133 -107
1133 -85
1133 -67
1133 -59
1133 -47
1133 -43
1133 -35
1133 -29
1133 -5
1133 17
1133 23
1133 25
1133 37
1133 67
1133 73
1133 83
1133 95
1133 101
1133 103
1133 125
1133 131
1133 133
1121 133
1115 133
1093 133
1085 133
1073 133
1051 133
1049 133
1039 133
1033 133
1015 133
1003 133
1001 133
995 133
983 133
965 133
959 133
955 133
935 133
913 133
905 133
893 133
869 133
867 119
867 105
867 95
867 65
867 47
867 45
867 39
867 35
867 21
867 11
867 9
867 -3
867 -13
867 -25
867 -31
867 -33
867 -49
867 -61
867 -63
867 -69
867 -81
867 -91
867 -93
867 -103
867 -109
867 -111
867 -123
869 -133
885 -133
905 -133
915 -133
927 -133
935 -133
965 -133
975 -133
989 -133
993 -133
999 -133
1007 -133
1013 -133
1017 -133
1037 -133
1055 -133
1079 -133
1083 -133
1095 -133
1103 -133
1107 -133
1109 -133
1133 -133
1134 -128
1134 -104
1134 -94
1134 -92
1134 -88
1134 -82
1134 -80
1134 -74
1134 -68
1134 -62
1134 -58
1134 -34
1134 -32
1134 -22
1134 -10
1134 -8
1134 -2
1134 8
1134 16
1134 22
1134 32
1134 50
1134 52
1134 58
1134 62
1134 82
1134 106
1134 116
1134 128
1134 130
1126 134
1120 134
1096 134
1092 134
1056 134
1042 134
1026 134
1018 134
996 134
990 134
982 134
978 134
976 134
970 134
948 134
928 134
912 134
900 134
882 134
880 134
868 134
866 120
866 114
866 108
866 96
866 90
866 78
866 76
866 70
866 58
866 48
866 40
866 24
866 16
866 10
866 -6
866 -14
866 -26
866 -30
866 -36
866 -42
866 -62
866 -74
866 -86
866 -90
866 -96
866 -116
866 -120
866 -132
866 -134
876 -134
878 -134
884 -134
914 -134
936 -134
942 -134
944 -134
948 -134
986 -134
996 -134
998 -134
1002 -134
1004 -134
1026 -134
1028 -134
1044 -134
1046 -134
1052 -134
1062 -134
1082 -134
1088 -134
1112 -134
1116 -134
1128 -134
1135 -127
1135 -115
1135 -111
1135 -73
1135 -63
1135 -33
1135 -27
1135 -25
1135 -13
1135 -1
1135 3
1135 9
1135 39
1135 53
1135 57
1135 65
1135 83
1135 119
1135 123
1135 129
1121 135
1117 135
1115 135
1103 135
1093 135
1091 135
1085 135
1075 135
1063 135
1057 135
1045 135
1037 135
1031 135
1025 135
1001 135
997 135
967 135
947 135
941 135
905 135
895 135
893 135
881 135
875 135
871 135
865 133
865 127
865 123
865 111
865 103
865 97
865 85
865 81
865 75
865 61
865 57
865 37
865 25
865 21
865 15
865 -3
865 -5
865 -9
865 -27
865 -29
865 -45
865 -57
865 -87
865 -93
865 -99
865 -107
877 -135
885 -135
933 -135
939 -135
955 -135
973 -135
987 -135
999 -135
1005 -135
1023 -135
1027 -135
1047 -135
1057 -135
1059 -135
1065 -135
1075 -135
1083 -135
1113 -135
1117 -135
1129 -135
1136 -122
1136 -116
1136 -104
1136 -98
1136 -92
1136 -58
1136 -52
1136 -46
1136 -28
1136 -22
1136 -14
1136 -4
1136 8
1136 14
1136 22
1136 32
1136 34
1136 38
1136 62
1136 68
1136 76
1136 98
1136 104
1136 106
1136 118
1136 124
1136 134
1126 136
1120 136
1096 136
1090 136
1076 136
1064 136
1028 136
1024 136
1000 136
998 136
988 136
980 136
970 136
964 136
950 136
940 136
908 136
904 136
896 136
886 136
874 136
864 120
864 102
864 98
864 92
864 72
864 68
864 48
864 42
864 26
864 20
864 18
864 -12
864 -24
864 -30
864 -40
864 -42
864 -48
864 -58
864 -70
864 -78
864 -82
864 -84
864 -90
864 -100
864 -112
866 -136
888 -136
896 -136
902 -136
906 -136
920 -136
926 -136
932 -136
962 -136
966 -136
972 -136
986 -136
990 -136
992 -136
1020 -136
1022 -136
1028 -136
1050 -136
1058 -136
1062 -136
1080 -136
1098 -136
1116 -136
1118 -136
1130 -136
1136 -136
1137 -133
1137 -113
1137 -103
1137 -97
1137 -91
1137 -77
1137 -67
1137 -55
1137 -53
1137 -41
1137 -11
1137 23
1137 35
1137 43
1137 49
1137 53
1137 55
1137 65
1137 67
1137 83
1137 95
1137 97
1137 107
1137 115
1137 133
1117 137
1111 137
1107 137
1095 137
1081 137
1077 137
1069 137
1065 137
1051 137
1047 137
1041 137
1035 137
1015 137
1009 137
1005 137
997 137
979 137
927 137
925 137
921 137
909 137
901 137
897 137
863 133
863 129
863 103
863 79
863 63
863 51
863 45
863 43
863 31
863 19
863 3
863 1
863 -5
863 -11
863 -15
863 -27
863 -41
863 -57
863 -65
863 -77
863 -95
863 -111
863 -117
863 -125
863 -135
867 -137
881 -137
891 -137
903 -137
905 -137
915 -137
917 -137
921 -137
945 -137
951 -137
993 -137
1017 -137
1025 -137
1035 -137
1041 -137
1047 -137
1053 -137
1055 -137
1067 -137
1071 -137
1085 -137
1091 -137
1097 -137
1125 -137
1131 -137
1133 -137
1138 -132
1138 -120
1138 -108
1138 -102
1138 -82
1138 -78
1138 -72
1138 -58
1138 -54
1138 -52
1138 -40
1138 -30
1138 -18
1138 6
1138 12
1138 20
1138 26
1138 32
1138 36
1138 60
1138 72
1138 92
1138 108
1138 122
1124 138
1106 138
1100 138
1096 138
1070 138
1058 138
1054 138
1048 138
1046 138
1040 138
1036 138
1034 138
1006 138
998 138
958 138
956 138
946 138
938 138
934 138
914 138
908 138
890 138
880 138
878 138
874 138
862 106
862 100
862 82
862 70
862 64
862 60
862 54
862 52
862 30
862 24
862 10
862 -20
862 -30
862 -54
862 -56
862 -66
862 -74
862 -90
862 -108
862 -110
862 -128
874 -138
882 -138
892 -138
898 -138
904 -138
918 -138
922 -138
930 -138
948 -138
952 -138
954 -138
972 -138
990 -138
1008 -138
1014 -138
1018 -138
1042 -138
1060 -138
1062 -138
1078 -138
1084 -138
1090 -138
1108 -138
1128 -138
1139 -133
1139 -113
1139 -109
1139 -95
1139 -89
1139 -85
1139 -65
1139 -47
1139 -37
1139 -35
1139 -29
1139 -19
1139 5
1139 7
1139 17
1139 41
1139 47
1139 53
1139 77
1139 83
1139 95
1139 97
1139 125
1139 137
1127 139
1121 139
1115 139
1103 139
1097 139
1075 139
1063 139
1051 139
1043 139
1007 139
1003 139
991 139
977 139
973 139
953 139
943 139
931 139
907 139
905 139
901 139
895 139
883 139
881 139
877 139
875 139
865 139
861 131
861 105
861 99
861 83
861 75
861 71
861 63
861 53
861 45
861 39
861 5
861 3
861 -9
861 -25
861 -49
861 -55
861 -57
861 -67
861 -69
861 -87
861 -91
861 -99
861 -105
861 -121
861 -127
861 -129
861 -135
863 -139
869 -139
873 -139
887 -139
891 -139
911 -139
917 -139
921 -139
941 -139
947 -139
959 -139
981 -139
987 -139
989 -139
999 -139
1011 -139
1013 -139
1019 -139
1023 -139
1031 -139
1043 -139
1047 -139
1061 -139
1073 -139
1083 -139
1097 -139
1101 -139
1113 -139
1139 -139
1140 -130
1140 -116
1140 -112
1140 -86
1140 -80
1140 -50
1140 -46
1140 -28
1140 -10
1140 -2
1140 4
1140 20
1140 28
1140 38
1140 52
1140 62
1140 70
1140 80
1140 100
1140 122
1138 140
1122 140
1120 140
1102 140
1096 140
1092 140
1086 140
1080 140
1068 140
1066 140
1056 140
1030 140
1026 140
1018 140
1000 140
982 140
976 140
958 140
952 140
948 140
942 140
918 140
912 140
892 140
860 138
860 112
860 102
860 100
860 72
860 60
860 52
860 42
860 30
860 28
860 22
860 0
860 -2
860 -14
860 -30
860 -32
860 -38
860 -44
860 -54
860 -68
860 -84
860 -104
860 -110
860 -114
872 -140
878 -140
888 -140
894 -140
902 -140
918 -140
960 -140
962 -140
968 -140
972 -140
978 -140
984 -140
990 -140
1004 -140
1020 -140
1034 -140
1038 -140
1058 -140
1068 -140
1070 -140
1074 -140
1082 -140
1100 -140
1110 -140
1122 -140
1141 -123
1141 -121
1141 -111
1141 -69
1141 -61
1141 -57
1141 -37
1141 -13
1141 3
1141 11
1141 33
1141 39
1141 47
1141 51
1141 53
1141 59
1141 81
1141 87
1141 93
1141 101
1141 129
1141 131
1141 141
1123 141
1109 141
1103 141
1099 141
1081 141
1073 141
1063 141
1049 141
1045 141
1033 141
1025 141
1015 141
1003 141
989 141
985 141
983 141
971 141
959 141
955 141
949 141
931 141
901 141
889 141
859 133
859 127
859 115
859 105
859 103
859 85
859 75
859 63
859 55
859 51
859 43
859 37
859 33
859 31
859 7
859 -5
859 -23
859 -27
859 -29
859 -33
859 -35
859 -93
859 -105
859 -113
859 -137
865 -141
867 -141
871 -141
877 -141
883 -141
895 -141
897 -141
901 -141
915 -141
921 -141
927 -141
943 -141
955 -141
957 -141
961 -141
993 -141
997 -141
1021 -141
1027 -141
1033 -141
1041 -141
1051 -141
1053 -141
1075 -141
1093 -141
1105 -141
1125 -141
1131 -141
1142 -122
1142 -118
1142 -88
1142 -82
1142 -80
1142 -76
1142 -62
1142 -56
1142 -52
1142 -38
1142 -22
1142 -20
1142 -8
1142 2
1142 4
1142 10
1142 22
1142 34
1142 44
1142 50
1142 58
1142 80
1142 88
1142 100
1142 112
1142 118
1142 134
1142 140
1126 142
1106 142
1084 142
1066 142
1064 142
1042 142
1040 142
1024 142
1022 142
1000 142
986 142
976 142
956 142
946 142
914 142
910 142
902 142
892 142
886 142
884 142
862 142
858 140
858 128
858 126
858 120
858 116
858 114
858 110
858 96
858 84
858 60
858 50
858 48
858 36
858 20
858 18
858 14
858 8
858 -6
858 -12
858 -22
858 -34
858 -36
858 -52
858 -66
858 -100
858 -112
858 -114
858 -120
858 -126
858 -132
858 -136
872 -142
882 -142
908 -142
920 -142
932 -142
936 -142
938 -142
942 -142
950 -142
960 -142
962 -142
966 -142
968 -142
990 -142
996 -142
1002 -142
1016 -142
1020 -142
1038 -142
1050 -142
1076 -142
1082 -142
1092 -142
1100 -142
1116 -142
1118 -142
1122 -142
1142 -142
1143 -133
1143 -127
1143 -85
1143 -83
1143 -73
1143 -67
1143 -59
1143 -35
1143 -23
1143 -17
1143 -13
1143 -7
1143 5
1143 7
1143 35
1143 43
1143 55
1143 73
1143 91
1143 97
1143 143
1135 143
1125 143
1119 143
1105 143
1101 143
1099 143
1093 143
1089 143
1083 143
1041 143
1033 143
1023 143
1015 143
1005 143
1003 143
985 143
981 143
975 143
963 143
951 143
949 143
945 143
925 143
915 143
903 143
891 143
883 143
879 143
857 139
857 121
857 99
857 91
857 85
857 69
857 55
857 39
857 37
857 19
857 9
857 7
857 1
857 -5
857 -15
857 -29
857 -33
857 -35
857 -65
857 -69
857 -71
857 -75
857 -83
857 -93
857 -99
857 -101
857 -113
857 -129
857 -135
905 -143
915 -143
917 -143
929 -143
939 -143
947 -143
959 -143
965 -143
969 -143
983 -143
993 -143
995 -143
999 -143
1007 -143
1013 -143
1017 -143
1037 -143
1043 -143
1055 -143
1077 -143
1083 -143
1115 -143
1125 -143
1127 -143
1137 -143
1144 -138
1144 -124
1144 -118
1144 -90
1144 -54
1144 -48
1144 -42
1144 -40
1144 -28
1144 -24
1144 -18
1144 -12
1144 -4
1144 18
1144 20
1144 38
1144 48
1144 50
1144 56
1144 60
1144 80
1144 90
1144 98
1144 102
1144 108
1144 122
1144 140
1142 144
1100 144
1078 144
1076 144
1072 144
1070 144
1042 144
1040 144
1036 144
1018 144
1012 144
1006 144
1000 144
988 144
986 144
962 144
952 144
916 144
910 144
908 144
896 144
886 144
860 144
856 124
856 106
856 90
856 84
856 78
856 64
856 40
856 28
856 24
856 16
856 10
856 -2
856 -6
856 -14
856 -30
856 -50
856 -90
856 -116
856 -120
856 -132
856 -134
856 -140
856 -144
858 -144
868 -144
882 -144
892 -144
894 -144
898 -144
924 -144
936 -144
964 -144
966 -144
982 -144
1008 -144
1014 -144
1024 -144
1026 -144
1032 -144
1042 -144
1048 -144
1056 -144
1062 -144
1068 -144
1074 -144
1084 -144
1096 -144
1102 -144
1122 -144
1145 -127
1145 -107
1145 -103
1145 -101
1145 -85
1145 -73
1145 -67
1145 -55
1145 -47
1145 -43
1145 -25
1145 -23
1145 -11
1145 -1
1145 25
1145 37
1145 53
1145 55
1145 73
1145 97
1145 109
1145 113
1145 127
1141 145
1121 145
1111 145
1097 145
1085 145
1081 145
1063 145
1051 145
1043 145
1033 145
1021 145
1015 145
985 145
971 145
967 145
943 145
937 145
907 145
901 145
895 145
893 145
887 145
865 145
855 123
855 117
855 113
855 107
855 101
855 81
855 65
855 63
855 53
855 45
855 33
855 23
855 21
855 15
855 5
855 -3
855 -19
855 -55
855 -63
855 -69
855 -73
855 -75
855 -103
855 -105
855 -133
855 -145
857 -145
867 -145
873 -145
887 -145
897 -145
903 -145
909 -145
915 -145
923 -145
929 -145
933 -145
947 -145
965 -145
969 -145
975 -145
987 -145
989 -145
999 -145
1017 -145
1025 -145
1055 -145
1095 -145
1097 -145
1115 -145
1119 -145
1125 -145
1139 -145
1146 -134
1146 -128
1146 -124
1146 -112
1146 -106
1146 -94
1146 -88
1146 -74
1146 -64
1146 -38
1146 -32
1146 -16
1146 -14
1146 2
1146 32
1146 34
1146 44
1146 46
1146 88
1146 94
1146 122
1146 136
1146 142
1140 146
1138 146
1126 146
1108 146
1096 146
1090 146
1080 146
1068 146
1056 146
1036 146
1030 146
1026 146
1024 146
1014 146
1008 146
996 146
984 146
970 146
958 146
924 146
918 146
916 146
904 146
894 146
888 146
880 146
874 146
870 146
858 146
854 112
854 106
854 96
854 78
854 76
854 48
854 46
854 40
854 28
854 -2
854 -18
854 -20
854 -30
854 -38
854 -42
854 -44
854 -60
854 -78
854 -104
854 -108
854 -114
854 -122
854 -140
870 -146
876 -146
896 -146
900 -146
906 -146
918 -146
920 -146
926 -146
938 -146
942 -146
960 -146
966 -146
968 -146
990 -146
1002 -146
1010 -146
1016 -146
1032 -146
1050 -146
1080 -146
1092 -146
1116 -146
1118 -146
1128 -146
1130 -146
1136 -146
1142 -146
1146 -146
1147 -141
1147 -105
1147 -91
1147 -85
1147 -63
1147 -61
1147 -3
1147 5
1147 17
1147 23
1147 33
1147 35
1147 75
1147 83
1147 89
1147 117
1147 119
1147 123
1147 137
1147 143
1145 147
1127 147
1117 147
1109 147
1105 147
1091 147
1087 147
1079 147
1049 147
1045 147
1039 147
1031 147
1025 147
1019 147
1001 147
997 147
995 147
991 147
977 147
965 147
947 147
937 147
935 147
931 147
919 147
917 147
907 147
899 147
889 147
875 147
865 147
853 141
853 129
853 121
853 115
853 105
853 91
853 81
853 73
853 51
853 49
853 43
853 21
853 9
853 3
853 -5
853 -17
853 -45
853 -47
853 -95
853 -107
853 -111
853 -129
853 -137
853 -147
867 -147
877 -147
891 -147
895 -147
907 -147
937 -147
961 -147
967 -147
975 -147
981 -147
985 -147
993 -147
1047 -147
1051 -147
1053 -147
1063 -147
1075 -147
1083 -147
1093 -147
1105 -147
1117 -147
1135 -147
1137 -147
1148 -134
1148 -130
1148 -122
1148 -100
1148 -88
1148 -68
1148 -64
1148 -52
1148 -50
1148 -38
1148 -22
1148 -20
1148 8
1148 10
1148 16
1148 40
1148 50
1148 52
1148 80
1148 82
1148 86
1148 106
1148 110
1148 122
1148 128
1148 142
1148 146
1144 148
1130 148
1108 148
1084 148
1064 148
1060 148
1046 148
1040 148
1034 148
1024 148
994 148
986 148
976 148
958 148
956 148
950 148
944 148
928 148
926 148
920 148
914 148
910 148
908 148
884 148
880 148
878 148
854 148
852 140
852 134
852 132
852 122
852 120
852 114
852 92
852 84
852 80
852 72
852 66
852 62
852 44
852 42
852 24
852 20
852 12
852 -4
852 -30
852 -34
852 -40
852 -48
852 -70
852 -90
852 -106
852 -114
852 -118
852 -124
852 -148
858 -148
872 -148
884 -148
900 -148
902 -148
914 -148
918 -148
932 -148
942 -148
944 -148
948 -148
960 -148
978 -148
1010 -148
1020 -148
1034 -148
1058 -148
1070 -148
1110 -148
1118 -148
1149 -145
1149 -133
1149 -119
1149 -115
1149 -97
1149 -95
1149 -67
1149 -55
1149 -35
1149 -29
1149 -19
1149 -17
1149 23
1149 41
1149 55
1149 67
1149 71
1149 107
1149 113
1149 115
1149 137
1149 143
1141 149
1131 149
1107 149
1065 149
1063 149
1047 149
1045 149
1011 149
1003 149
997 149
993 149
991 149
987 149
973 149
933 149
925 149
913 149
907 149
883 149
865 149
861 149
855 149
853 149
851 145
851 141
851 139
851 135
851 133
851 109
851 99
851 91
851 85
851 79
851 69
851 55
851 49
851 33
851 15
851 1
851 -17
851 -41
851 -45
851 -51
851 -57
851 -65
851 -69
851 -89
851 -99
851 -105
851 -117
851 -119
851 -131
851 -135
851 -149
857 -149
863 -149
869 -149
873 -149
887 -149
903 -149
939 -149
953 -149
959 -149
963 -149
977 -149
981 -149
987 -149
1011 -149
1019 -149
1023 -149
1043 -149
1053 -149
1067 -149
1079 -149
1113 -149
1121 -149
1131 -149
1137 -149
1143 -149
1149 -149
1150 -136
1150 -132
1150 -118
1150 -106
1150 -100
1150 -90
1150 -72
1150 -58
1150 -48
1150 -36
1150 -30
1150 -28
1150 -22
1150 -16
1150 12
1150 14
1150 18
1150 42
1150 48
1150 50
1150 54
1150 62
1150 78
1150 84
1150 104
1150 108
1150 110
1150 120
1150 122
1150 132
1150 140
1096 150
1090 150
1082 150
1070 150
1066 150
1052 150
1040 150
1030 150
1028 150
1016 150
1010 150
1000 150
982 150
958 150
952 150
950 150
940 150
932 150
926 150
910 150
890 150
886 150
872 150
866 150
860 150
850 148
850 142
850 138
850 132
850 130
850 126
850 118
850 96
850 90
850 82
850 78
850 76
850 60
850 42
850 28
850 22
850 0
850 -14
850 -24
850 -38
850 -42
850 -48
850 -50
850 -54
850 -68
850 -78
850 -90
850 -98
850 -114
850 -122
850 -132
850 -140
864 -150
904 -150
910 -150
922 -150
924 -150
930 -150
948 -150
952 -150
954 -150
958 -150
988 -150
990 -150
1020 -150
1024 -150
1032 -150
1050 -150
1062 -150
1074 -150
1078 -150
1080 -150
1084 -150
1098 -150
1134 -150
1150 -150
1151 -133
1151 -131
1151 -119
1151 -109
1151 -103
1151 -91
1151 -73
1151 -71
1151 -53
1151 -47
1151 -41
1151 -19
1151 -1
1151 37
1151 43
1151 53
1151 71
1151 73
1151 83
1151 91
1151 97
1151 113
1151 137
1151 151
1145 151
1141 151
1135 151
1121 151
1105 151
1081 151
1075 151
1063 151
1055 151
1043 151
1033 151
1019 151
973 151
971 151
955 151
953 151
931 151
925 151
923 151
913 151
911 151
901 151
899 151
893 151
889 151
869 151
859 151
853 151
849 125
849 117
849 111
849 105
849 101
849 71
849 63
849 57
849 51
849 45
849 23
849 -13
849 -15
849 -19
849 -27
849 -33
849 -39
849 -43
849 -57
849 -69
849 -79
849 -99
849 -103
849 -105
849 -109
849 -139
849 -145
857 -151
873 -151
885 -151
915 -151
917 -151
921 -151
927 -151
935 -151
965 -151
975 -151
983 -151
1017 -151
1035 -151
1047 -151
1055 -151
1077 -151
1097 -151
1101 -151
1115 -151
1125 -151
1145 -151
1151 -151
1152 -148
1152 -146
1152 -136
1152 -122
1152 -118
1152 -92
1152 -86
1152 -50
1152 -38
1152 -20
1152 -16
1152 -8
1152 -2
1152 2
1152 8
1152 10
1152 38
1152 44
1152 50
1152 74
1152 82
1152 92
1152 118
1152 124
1152 148
1152 152
1144 152
1120 152
1110 152
1090 152
1086 152
1084 152
1074 152
1060 152
1044 152
1042 152
1036 152
1030 152
1026 152
1020 152
1012 152
994 152
966 152
952 152
946 152
930 152
916 152
910 152
906 152
900 152
894 152
886 152
882 152
880 152
876 152
864 152
862 152
850 152
848 148
848 136
848 108
848 106
848 100
848 88
848 78
848 64
848 60
848 16
848 10
848 0
848 -2
848 -14
848 -26
848 -56
848 -60
848 -72
848 -74
848 -80
848 -90
848 -102
848 -104
848 -114
848 -116
848 -126
848 -132
848 -140
848 -150
852 -152
866 -152
882 -152
890 -152
896 -152
908 -152
918 -152
920 -152
930 -152
938 -152
950 -152
960 -152
978 -152
986 -152
990 -152
992 -152
996 -152
1022 -152
1028 -152
1050 -152
1056 -152
1070 -152
1080 -152
1086 -152
1088 -152
1116 -152
1122 -152
1130 -152
1153 -129
1153 -123
1153 -117
1153 -99
1153 -93
1153 -87
1153 -79
1153 -73
1153 -63
1153 -45
1153 -43
1153 -37
1153 -25
1153 -7
1153 3
1153 11
1153 23
1153 53
1153 63
1153 65
1153 75
1153 77
1153 81
1153 87
1153 105
1153 107
1153 111
1153 131
1153 143
1153 147
1153 153
1145 153
1111 153
1105 153
1099 153
1075 153
1063 153
1055 153
1019 153
1003 153
1001 153
995 153
991 153
989 153
985 153
979 153
959 153
953 153
929 153
925 153
923 153
919 153
901 153
881 153
875 153
853 153
847 151
847 105
847 87
847 85
847 69
847 49
847 27
847 25
847 1
847 -21
847 -23
847 -39
847 -63
847 -83
847 -99
847 -101
847 -105
847 -113
847 -123
847 -125
847 -135
847 -149
847 -153
855 -153
873 -153
877 -153
885 -153
889 -153
903 -153
913 -153
915 -153
939 -153
955 -153
963 -153
969 -153
985 -153
1005 -153
1015 -153
1017 -153
1023 -153
1027 -153
1057 -153
1059 -153
1075 -153
1107 -153
1113 -153
1125 -153
1135 -153
1154 -148
1154 -140
1154 -128
1154 -110
1154 -94
1154 -92
1154 -80
1154 -74
1154 -70
1154 -58
1154 -52
1154 -50
1154 -22
1154 -4
1154 -2
1154 20
1154 26
1154 32
1154 38
1154 40
1154 46
1154 62
1154 76
1154 82
1154 112
1154 128
1154 130
1154 140
1154 142
1154 146
1150 154
1148 154
1136 154
1126 154
1112 154
1106 154
1096 154
1088 154
1060 154
1058 154
1022 154
1016 154
1000 154
986 154
982 154
962 154
938 154
932 154
928 154
920 154
916 154
898 154
890 154
886 154
872 154
868 154
862 154
860 154
846 144
846 128
846 114
846 110
846 84
846 68
846 66
846 56
846 24
846 18
846 14
846 8
846 -4
846 -10
846 -46
846 -54
846 -66
846 -70
846 -72
846 -76
846 -84
846 -90
846 -94
846 -114
846 -126
846 -136
852 -154
864 -154
866 -154
878 -154
888 -154
894 -154
906 -154
908 -154
914 -154
932 -154
936 -154
942 -154
948 -154
954 -154
962 -154
986 -154
992 -154
1002 -154
1014 -154
1044 -154
1058 -154
1068 -154
1076 -154
1088 -154
1094 -154
1104 -154
1116 -154
1118 -154
1136 -154
1142 -154
1146 -154
1154 -154
1155 -151
1155 -127
1155 -107
1155 -103
1155 -95
1155 -85
1155 -73
1155 -65
1155 -53
1155 -37
1155 -31
1155 -17
1155 -13
1155 -5
1155 -1
1155 17
1155 67
1155 73
1155 79
1155 83
1155 89
1155 97
1155 103
1155 113
1155 139
1155 149
1155 155
1153 155
1143 155
1141 155
1131 155
1125 155
1087 155
1075 155
1071 155
1063 155
1053 155
1033 155
1027 155
1021 155
1015 155
997 155
987 155
985 155
973 155
957 155
955 155
943 155
931 155
927 155
901 155
891 155
885 155
865 155
847 155
845 117
845 105
845 97
845 87
845 75
845 73
845 55
845 43
845 33
845 31
845 21
845 -5
845 -9
845 -15
845 -27
845 -35
845 -39
845 -69
845 -75
845 -77
845 -83
845 -99
845 -123
845 -147
855 -155
867 -155
879 -155
887 -155
893 -155
897 -155
905 -155
915 -155
923 -155
929 -155
933 -155
953 -155
963 -155
989 -155
993 -155
1017 -155
1023 -155
1025 -155
1037 -155
1079 -155
1097 -155
1103 -155
1107 -155
1133 -155
1139 -155
1156 -144
1156 -138
1156 -136
1156 -126
1156 -118
1156 -112
1156 -106
1156 -96
1156 -88
1156 -78
1156 -76
1156 -54
1156 -52
1156 -48
1156 -28
1156 -24
1156 -18
1156 18
1156 32
1156 36
1156 56
1156 78
1156 84
1156 98
1156 104
1156 114
1156 122
1156 126
1156 128
1156 132
1156 146
1148 156
1114 156
1106 156
1084 156
1070 156
1060 156
1036 156
1030 156
1028 156
1018 156
1016 156
1010 156
1000 156
974 156
956 156
946 156
928 156
904 156
886 156
884 156
860 156
844 132
844 130
844 126
844 120
844 118
844 112
844 102
844 76
844 70
844 58
844 46
844 40
844 36
844 0
844 -2
844 -12
844 -24
844 -48
844 -50
844 -54
844 -62
844 -72
844 -78
844 -80
844 -84
844 -108
844 -110
844 -114
844 -150
844 -152
862 -156
876 -156
900 -156
918 -156
960 -156
966 -156
976 -156
978 -156
1002 -156
1018 -156
1030 -156
1032 -156
1036 -156
1038 -156
1048 -156
1050 -156
1060 -156
1068 -156
1072 -156
1108 -156
1116 -156
1120 -156
1132 -156
1150 -156
1156 -156
1157 -151
1157 -137
1157 -115
1157 -113
1157 -107
1157 -83
1157 -77
1157 -67
1157 -43
1157 -23
1157 -1
1157 5
1157 19
1157 55
1157 83
1157 89
1157 97
1157 103
1157 127
1157 133
1157 145
1141 157
1139 157
1121 157
1117 157
1115 157
1111 157
1091 157
1069 157
1061 157
1051 157
1049 157
1031 157
1027 157
1019 157
1009 157
995 157
985 157
979 157
971 157
965 157
959 157
947 157
931 157
919 157
905 157
895 157
877 157
875 157
865 157
843 155
843 131
843 125
843 113
843 111
843 89
843 83
843 63
843 41
843 39
843 35
843 23
843 21
843 15
843 -21
843 -27
843 -49
843 -55
843 -57
843 -85
843 -97
843 -115
843 -117
843 -121
843 -135
843 -141
843 -145
843 -147
843 -157
845 -157
861 -157
863 -157
873 -157
881 -157
887 -157
897 -157
915 -157
927 -157
933 -157
947 -157
951 -157
957 -157
975 -157
987 -157
1013 -157
1017 -157
1023 -157
1037 -157
1043 -157
1053 -157
1065 -157
1067 -157
1071 -157
1073 -157
1083 -157
1107 -157
1115 -157
1125 -157
1157 -157
1158 -148
1158 -140
1158 -130
1158 -124
1158 -122
1158 -104
1158 -92
1158 -64
1158 -34
1158 -32
1158 -14
1158 -10
1158 -4
1158 10
1158 16
1158 20
1158 28
1158 50
1158 58
1158 88
1158 106
1158 116
1158 142
1158 146
1158 148
1146 158
1138 158
1134 158
1126 158
1120 158
1116 158
1090 158
1086 158
1074 158
1054 158
1036 158
1030 158
1018 158
1008 158
990 158
988 158
984 158
978 158
976 158
964 158
936 158
930 158
910 158
904 158
888 158
880 158
874 158
868 158
864 158
858 158
842 154
842 142
842 136
842 132
842 112
842 106
842 90
842 84
842 52
842 42
842 24
842 22
